METHOD = DISCRETIZE

	Running discretize based tests on Mersenne 

	01. Monobit Test                            PASS!	p=0.61050	0.84506	0.30124	0.32812	0.20865	0.14642	0.06936	0.21912	0.02742	0.09952	0.37147	0.95545	0.67514	0.17971	0.57615	0.91098	0.26355	0.11752	0.03861	0.30124	0.75859	0.63480	0.20865	0.13866	0.55738	0.41779	0.31468	0.57645	0.69579	0.24079	0.91105	0.84494	0.75877	0.46809	0.86702	0.53924	0.86702	0.09379	0.01019	0.03379	0.00571	0.00526	0.21948	0.12466	0.22995	0.50267	0.35652	0.32812	0.84494	0.65472	0.46740	0.59552	0.25199	0.84494	0.65497	0.91105	0.59552	0.17098	0.67538	0.40247	0.65548	0.97776	0.84530	0.52112	0.82333	0.18005	0.57645	0.73771	0.78019	0.88898	0.97773	0.50267	0.30124	0.22959	0.59552	0.75877	0.40247	0.16291	0.63533	0.23032	0.25236	0.50267	0.88890	0.82320	0.82333	0.46844	0.26467	
	02. Block Frequency Test                    PASS!	p=0.00555	0.74337	0.66914	0.61210	0.60387	0.56683	0.43470	0.59976	0.54221	0.76921	0.66511	0.94292	0.93591	0.98686	0.84294	0.74712	0.63669	0.30124	0.31725	0.50160	0.55861	0.64077	0.75826	0.38617	0.33377	0.27076	0.39346	0.14062	0.30440	0.45793	0.52589	0.60387	0.94292	0.70493	0.52996	0.45793	0.43470	0.07190	0.10940	0.12838	0.14429	0.19435	0.79400	0.63260	0.63260	0.80427	0.69310	0.77997	0.93408	0.97038	0.98625	0.98063	0.89779	0.19203	0.13526	0.04604	0.02878	0.07295	0.41949	0.53813	0.64077	0.92838	0.94121	0.96341	0.95245	0.90256	0.72435	0.26492	0.18974	0.46577	0.29809	0.57917	0.97900	0.96464	0.92238	0.93221	0.90720	0.74337	0.73960	0.76921	0.55041	0.47366	0.47762	0.83365	0.85783	0.90720	0.71274	
	03. Independent Runs Test                   PASS!	p=0.32837	0.67615	0.78123	0.86773	0.68335	0.46514	0.25897	0.40928	0.21897	0.04482	0.21058	0.77995	0.67869	0.82718	0.10679	0.11760	0.35952	0.36349	0.54240	0.50337	0.32940	0.59983	0.10821	0.38856	0.28000	0.91859	0.88909	0.70218	0.47031	0.98608	0.95518	0.80228	0.89106	0.72655	0.50249	0.66275	0.61598	0.18653	0.07511	0.00372	0.18347	0.14265	0.98903	0.66752	0.28264	0.81338	0.40396	0.61562	0.80063	0.61090	0.81152	0.51528	0.68894	0.71563	0.53518	0.34214	0.66933	0.67727	0.92935	0.80804	0.95110	0.80193	0.93420	0.72538	0.31571	0.11598	0.16511	0.26560	0.31608	0.17148	0.27625	0.13462	0.19901	0.18344	0.27924	0.59760	0.88237	0.90981	0.63080	0.46028	0.12907	0.15869	0.45029	0.31399	0.34197	0.58694	0.45517	
	04. Longest Runs Test                       PASS!	p=0.06496	0.53044	0.58893	0.94597	0.60524	0.55832	0.47504	0.89623	0.46387	0.87820	0.94090	0.91546	0.79590	0.58116	0.51983	0.37899	0.35283	0.55376	0.18753	0.45155	0.36713	0.13958	0.42111	0.21744	0.71065	0.49896	0.73548	0.78493	0.83087	0.21763	0.51336	0.83196	0.91635	0.88136	0.59143	0.77156	0.74652	0.19979	0.06945	0.38890	0.12745	0.16831	0.75805	0.24691	0.06992	0.09621	0.49008	0.56848	0.89009	0.14831	0.20457	0.31849	0.06590	0.28980	0.32757	0.22457	0.21819	0.04157	0.30408	0.26854	0.29202	0.81631	0.99277	0.70746	0.59887	0.93779	0.95994	0.50400	0.48553	0.71824	0.36191	0.55506	0.28721	0.35171	0.31604	0.25609	0.59370	0.58723	0.55707	0.49444	0.26639	0.84846	0.96684	0.85771	0.75534	0.40229	0.31863	
	05. Matrix Rank Test                        PASS!	p=0.31067	0.83302	0.23306	0.21023	0.23025	0.84471	0.30217	0.74280	0.81668	0.50508	0.55389	0.42261	0.47246	0.46583	0.76394	0.96060	0.30046	0.50508	0.71815	0.85390	0.74280	0.68522	0.18298	0.10242	0.58921	0.85390	0.77367	0.30046	0.03199	0.16901	0.04878	0.23306	0.59748	0.14459	0.28778	0.43799	0.47246	0.15034	0.89053	0.58921	0.58921	0.91991	0.67945	0.19705	0.28778	0.67945	0.55389	0.12458	0.10227	0.40241	0.04523	0.08471	0.50508	0.48627	0.68522	0.25587	0.74280	0.96308	0.59748	0.17407	0.23637	0.21023	0.08508	0.40167	0.28778	0.01958	0.87371	0.30980	0.12997	0.44187	0.76394	0.24792	0.50508	0.11325	0.48059	0.36207	0.24792	0.89053	0.63558	0.48059	0.74280	0.62989	0.65486	0.21023	0.12109	0.01324	0.07732	
	06. Spectral Test                           PASS!	p=0.13986	0.24116	0.37294	0.70530	0.70530	0.98978	0.05369	0.61723	0.68658	0.50945	0.98978	0.78785	0.36611	0.79757	0.19968	0.04017	1.00000	0.60796	0.79757	0.09688	0.70530	0.37294	0.70530	0.52570	0.05530	0.09688	0.61723	0.00201	0.43439	0.59930	0.61723	0.70530	0.15321	0.11825	0.19152	0.59072	0.31791	0.31136	0.61723	0.78785	0.91330	0.45768	0.97957	0.35972	0.09209	0.78785	0.90307	0.70530	0.52570	0.44161	0.44161	0.25123	0.70530	0.52570	0.80763	0.12100	0.52570	0.51738	0.35972	0.81771	0.63592	0.49381	0.66832	0.54320	0.97957	0.43439	0.59930	0.31791	0.97957	0.38023	0.53442	0.04160	0.89292	0.37294	0.00326	0.71505	0.62656	0.04306	0.16883	0.38760	0.24116	0.07078	0.70530	0.20456	0.77817	0.42020	0.18755	
	07. Non Overlapping Patterns Test           PASS!	p=0.00000	0.14826	0.58077	0.31512	0.12146	0.04537	0.31512	0.00445	0.34235	0.28946	0.10972	0.12146	0.31512	0.03623	0.31512	0.26536	0.86946	0.80696	0.50886	0.83933	0.86946	0.54442	0.89694	0.89694	0.92140	0.54442	0.89694	0.83933	0.54442	0.50886	0.86946	0.86946	0.89694	0.58077	0.58077	0.34235	0.01560	0.14826	0.05070	0.34235	0.58077	0.86946	0.83933	0.50886	0.50886	0.86946	0.50886	0.92140	0.28946	0.26536	0.58077	0.31512	0.31512	0.58077	0.04056	0.34235	0.61767	0.58077	0.28946	0.89694	0.50886	0.86946	0.86946	0.50886	0.86946	0.04537	0.13429	0.04056	0.65483	0.13429	0.89694	0.58077	0.58077	0.89694	0.89694	0.94255	0.61767	0.92140	0.94255	0.58077	0.83933	0.83933	0.80696	0.80696	0.80696	0.83933	0.80696	
	08. Overlapping Patterns Test               PASS!	p=0.00000	0.96289	0.96289	0.27045	0.27045	0.27045	0.27045	0.27045	0.95194	0.95194	0.95194	0.95194	0.96289	0.96289	0.96289	0.00552	0.00552	0.02778	0.00552	0.00552	0.96289	0.96289	0.96289	0.95194	0.02052	0.02052	0.02052	0.02052	0.02052	0.95194	0.95194	0.95194	0.95194	0.72702	0.72702	0.73050	0.73050	0.73050	0.00949	0.00949	0.00982	0.00982	0.00982	0.95194	0.95194	0.72702	0.72702	0.73050	0.73050	0.24010	0.02695	0.00018	0.00018	0.00018	0.02695	0.02695	0.24010	0.73050	0.73050	0.73050	0.72702	0.27045	0.27045	0.27045	0.27045	0.27045	0.95194	0.95194	0.95194	0.95194	0.95194	0.95194	0.95194	0.95194	0.95194	0.95194	0.72702	0.72702	0.73050	0.73050	0.73050	0.96289	0.96289	0.95194	0.95194	0.95194	0.95194	
	09. Universal Test                          SKIP!	p=SKIPPED	-1.0000	-1.0000	-1.0000	-1.0000	-1.0000	-1.0000	-1.0000	-1.0000	-1.0000	-1.0000	-1.0000	-1.0000	-1.0000	-1.0000	-1.0000	-1.0000	-1.0000	-1.0000	-1.0000	-1.0000	-1.0000	-1.0000	-1.0000	-1.0000	-1.0000	-1.0000	-1.0000	-1.0000	-1.0000	-1.0000	-1.0000	-1.0000	-1.0000	-1.0000	-1.0000	-1.0000	-1.0000	-1.0000	-1.0000	-1.0000	-1.0000	-1.0000	-1.0000	-1.0000	-1.0000	-1.0000	-1.0000	-1.0000	-1.0000	-1.0000	-1.0000	-1.0000	-1.0000	-1.0000	-1.0000	-1.0000	-1.0000	-1.0000	-1.0000	-1.0000	-1.0000	-1.0000	-1.0000	-1.0000	-1.0000	-1.0000	-1.0000	-1.0000	-1.0000	-1.0000	-1.0000	-1.0000	-1.0000	-1.0000	-1.0000	-1.0000	-1.0000	-1.0000	-1.0000	-1.0000	-1.0000	-1.0000	-1.0000	-1.0000	-1.0000	-1.0000	
	10. Linear Complexity Test                  PASS!	p=0.17011	0.75708	0.74382	0.50581	0.03076	0.05168	0.60920	0.83337	0.51830	0.83337	0.55656	0.37979	0.20522	0.08834	0.16257	0.23078	0.56957	0.60920	0.23803	0.40105	0.35932	0.23079	0.24544	0.55656	0.97683	0.85699	0.51830	0.30265	0.33964	0.41466	0.41466	0.85699	0.82115	0.85699	0.69006	0.23079	0.26881	0.95250	0.60920	0.67653	0.73047	0.79606	0.78322	0.73047	0.91960	0.71706	0.78322	0.83337	0.77022	0.21853	0.26277	0.32302	0.63929	0.57276	0.78322	0.63600	0.85699	0.77022	0.44584	0.60920	0.70358	0.15861	0.49649	0.00927	0.54367	0.17922	0.93706	0.84532	0.92857	0.70358	0.62257	0.96579	0.69006	0.50582	0.69006	0.69006	0.03850	0.43436	0.43436	0.56957	0.67653	0.75708	0.86835	0.87937	0.92857	0.95250	0.00702	
	11. Serial Test (p01)                       PASS!	p=0.00000	0.49896	0.21176	0.01432	0.03650	0.00492	0.00002	0.11565	0.41995	0.72472	0.49896	0.57816	0.84116	0.72519	0.72519	0.88516	0.78787	0.84135	0.88516	0.88497	0.21176	0.49896	0.27385	0.49896	0.84116	0.49896	0.49896	0.21194	0.65439	0.57816	0.49896	0.27385	0.49896	0.72457	0.72457	0.78715	0.91896	0.72488	0.78751	0.88479	0.34412	0.78715	0.49896	0.88461	0.88461	0.94538	0.78769	0.02326	0.41982	0.72519	0.08113	0.02326	0.02326	0.05538	0.34400	0.27401	0.78769	0.88497	0.84078	0.84059	0.72425	0.84002	0.65381	0.84040	0.72457	0.57816	0.84097	0.72457	0.84059	0.49896	0.84078	0.78751	0.78769	0.78769	0.57822	0.57810	0.49896	0.42001	0.34434	0.27447	0.27416	0.00038	0.00008	0.00492	0.00149	0.11637	0.34446	
	11. Serial Test (p02)                       PASS!	p=0.14940	0.95544	0.71319	0.06066	0.04562	0.12953	0.01756	0.28525	0.83832	0.99216	0.89851	0.80127	0.75951	0.55481	0.49853	0.44234	0.44234	0.55481	0.83889	0.95569	0.38744	0.66309	0.38744	0.49853	0.87109	0.49853	0.33483	0.33483	0.80127	0.44243	0.66297	0.55476	0.80109	0.89816	0.94015	0.66273	0.89816	0.66297	0.33483	0.60988	0.66285	0.75899	0.49853	0.83832	0.55467	0.75933	0.55476	0.04562	0.23935	0.44234	0.00577	0.00580	0.02455	0.23935	0.19815	0.49853	0.89869	0.92174	0.94030	0.89816	0.71244	0.83756	0.66237	0.71259	0.49853	0.38752	0.44243	0.33507	0.49853	0.23969	0.66285	0.75933	0.38744	0.66309	0.75951	0.49853	0.16183	0.02481	0.01257	0.01784	0.07967	0.07951	0.02455	0.16145	0.12990	0.38786	0.38786	
	12. Approximate Entropy Test                PASS!	p=0.00000	0.41094	0.63597	0.46003	0.34914	0.26255	0.62549	0.43909	0.74868	0.56600	0.51626	0.57918	0.76414	0.85347	0.72029	0.88897	0.76865	0.85176	0.70861	0.77056	0.76036	0.56542	0.69680	0.64761	0.64196	0.55351	0.83822	0.70064	0.74726	0.72373	0.71667	0.74606	0.65928	0.35965	0.23328	0.59850	0.60081	0.79462	0.79524	0.82961	0.80728	0.66926	0.55439	0.62533	0.78942	0.60423	0.28698	0.44528	0.61726	0.70363	0.64924	0.58345	0.63239	0.69102	0.78525	0.87514	0.55916	0.78023	0.86018	0.94439	0.71254	0.59059	0.58323	0.74218	0.68446	0.60506	0.58388	0.72700	0.43565	0.32902	0.38544	0.81906	0.89446	0.70394	0.72067	0.88562	0.79602	0.80753	0.81187	0.61778	0.88578	0.57618	0.76268	0.65456	0.47646	0.58310	0.73533	
	13. Cumulative Sums Test (Forward)          PASS!	p=0.38542	0.87753	0.59863	0.15674	0.24873	0.29280	0.13871	0.27760	0.04747	0.13915	0.29280	0.91827	0.89843	0.23504	0.26241	0.52551	0.43707	0.08262	0.03502	0.19852	0.34188	0.67552	0.37808	0.24873	0.43742	0.80555	0.43778	0.95150	0.91827	0.23562	0.72828	0.85431	0.99038	0.83118	0.96493	0.65061	0.85505	0.14773	0.01879	0.01240	0.00961	0.00677	0.18809	0.23590	0.19904	0.57420	0.54957	0.45855	0.97551	0.72762	0.72762	0.93581	0.50280	0.43742	0.32510	0.57420	0.85431	0.26271	0.83092	0.55066	0.55139	0.85579	0.99477	0.70305	0.85505	0.27760	0.23562	0.52697	0.83118	0.75476	0.32543	0.57420	0.26271	0.35965	0.62389	0.99737	0.67656	0.27822	0.70305	0.32608	0.36033	0.64991	0.93581	0.75444	0.98418	0.80697	0.32641	
	13. Cumulative Sums Test (Backward)         PASS!	p=0.87823	0.70237	0.27729	0.54957	0.30831	0.14773	0.10775	0.12262	0.02804	0.17713	0.45891	0.87731	0.52588	0.29217	0.67518	0.43707	0.07721	0.06730	0.05849	0.43742	0.57383	0.62389	0.26271	0.26271	0.91809	0.62389	0.50316	0.48071	0.57420	0.43778	0.83065	0.97551	0.85481	0.57492	0.89903	0.85505	0.96493	0.08294	0.01731	0.03021	0.00514	0.01052	0.30928	0.15721	0.36033	0.72828	0.34188	0.64955	0.85431	0.99461	0.85407	0.70170	0.29249	0.59863	0.67587	0.67587	0.39719	0.23533	0.67622	0.39823	0.75570	0.87842	0.93670	0.65096	0.72893	0.21051	0.62425	0.29343	0.57492	0.80612	0.34255	0.45891	0.52588	0.32477	0.98402	0.89883	0.57492	0.27822	0.52734	0.26391	0.39789	0.78036	0.93581	0.93596	0.85505	0.72958	0.39893	
	14. Random Excursions Test (p01)            PASS!	p=0.00012	0.02394	0.65605	0.00035	0.59989	0.15218	0.51567	0.01765	0.83895	0.61261	0.14388	0.53991	0.71348	0.77836	0.22099	0.65146	0.84586	0.48163	0.01061	0.66436	0.46100	0.00374	0.70230	0.55422	0.98698	0.87731	0.11474	0.86447	0.85030	0.28214	0.00971	0.01049	0.72718	0.36710	0.86964	0.84021	0.33155	0.08338	0.97325	0.03557	0.78493	0.99961	0.07409	0.98246	0.02642	0.11047	0.42652	0.99451	0.85978	0.93639	0.98927	0.78083	0.02134	0.80463	0.88710	0.38527	0.82139	0.00093	0.70006	0.59064	0.95957	0.00089	0.92016	0.03340	0.37973	0.84314	0.09728	0.78620	0.86740	0.73419	0.80499	0.82078	0.00766	0.35960	0.36957	0.78137	0.41570	0.00162	0.05873	0.97420	0.00144	0.23800	0.50585	0.57079	0.55224	0.88674	0.33284	
	14. Random Excursions Test (p02)            PASS!	p=0.19314	0.27447	0.88064	0.73889	0.72779	0.95926	0.86704	0.41121	0.66193	0.41588	0.12305	0.48628	0.47704	0.55008	0.67730	0.39359	0.85015	0.57066	0.07411	0.86544	0.43597	0.03367	0.68268	0.00200	0.20731	0.90630	0.32069	0.81461	0.00921	0.50530	0.00224	0.03715	0.31383	0.53478	0.53756	0.60620	0.60396	0.05361	0.94488	0.03434	0.70943	0.99911	0.37467	0.86341	0.95641	0.75705	0.64131	0.98800	0.27375	0.87607	0.97703	0.62520	0.79413	0.02285	0.79147	0.32744	0.96040	0.16214	0.64983	0.12225	0.09526	0.06115	0.77142	0.70081	0.59632	0.37346	0.81447	0.10149	0.61848	0.64736	0.79929	0.58279	0.04055	0.00055	0.43814	0.79767	0.86098	0.00000	0.96352	0.91198	0.14120	0.06799	0.34812	0.35975	0.85930	0.79722	0.30954	
	14. Random Excursions Test (p03)            PASS!	p=0.75380	0.04776	0.30614	0.70125	0.71872	0.81059	0.79496	0.37411	0.78607	0.25435	0.00001	0.92327	0.11728	0.47692	0.44063	0.31444	0.85435	0.11763	0.04993	0.76106	0.36408	0.30374	0.92297	0.78945	0.09033	0.59974	0.50654	0.72785	0.62175	0.65475	0.01006	0.23607	0.40928	0.78876	0.29629	0.74555	0.59229	0.35305	0.68286	0.06033	0.56552	0.99697	0.98987	0.05041	0.89358	0.90833	0.65557	0.96257	0.19673	0.69999	0.93146	0.30430	0.52814	0.05833	0.48735	0.20596	0.41337	0.65475	0.12452	0.90486	0.68286	0.14023	0.36235	0.99160	0.93485	0.48834	0.86016	0.78922	0.71914	0.05114	0.71469	0.44253	0.51008	0.20144	0.41739	0.15259	0.51258	0.00572	0.82049	0.80814	0.78945	0.14648	0.31482	0.68064	0.54126	0.97324	0.52203	
	14. Random Excursions Test (p04)            PASS!	p=0.06039	0.86949	0.27811	0.41588	0.85968	0.53640	0.10579	0.66150	0.12312	0.22666	0.09413	0.60870	0.74500	0.82084	0.40247	0.85692	0.50842	0.01604	0.69999	0.68185	0.54942	0.75988	0.78332	0.08264	0.57856	0.76315	0.62922	0.65318	0.80443	0.02704	0.00111	0.08879	0.51789	0.70962	0.20707	0.77421	0.41588	0.09872	0.54942	0.02075	0.32617	0.96257	0.72200	0.74729	0.75121	0.84435	0.53839	0.69999	0.39136	0.59833	0.35795	0.74063	0.91796	0.94975	0.75121	0.37698	0.16985	0.83643	0.67431	0.96900	0.69999	0.59833	0.55608	0.39807	0.69999	0.54064	0.69064	0.82723	0.11175	0.39588	0.46185	0.52662	0.71400	0.00767	0.54942	0.58376	0.21643	0.00749	0.31517	0.89307	0.88254	0.69064	0.75640	0.57365	0.22954	0.98256	0.26922	
	14. Random Excursions Test (p05)            PASS!	p=0.10672	0.58594	0.46224	0.69999	0.54942	0.61652	0.21452	0.88254	0.84915	0.90604	0.63857	0.81783	0.54591	0.53511	0.32845	0.34670	0.51738	0.72053	0.96257	0.62784	0.38614	0.57425	0.75583	0.44715	0.52099	0.35473	0.62922	0.62668	0.92017	0.86158	0.46185	0.18656	0.46759	0.36485	0.01685	0.32124	0.45173	0.68953	0.93146	0.85425	0.54942	0.22064	0.67797	0.06895	0.54942	0.95069	0.88007	0.27512	0.93935	0.25585	0.91307	0.75792	0.91142	0.65441	0.69999	0.11262	0.68531	0.64411	0.54463	0.40580	0.41588	0.94273	0.30472	0.38080	0.46185	0.36812	0.03356	0.95111	0.11731	0.47988	0.13290	0.41102	0.84915	0.17192	0.84915	0.39473	0.23371	0.54317	0.86969	0.63857	0.58594	0.77421	0.82319	0.47988	0.68790	0.97349	0.08740	
	14. Random Excursions Test (906)            PASS!	p=0.44808	0.87120	0.73256	0.14251	0.45679	0.10211	0.03748	0.48071	0.94823	0.96359	0.40780	0.19639	0.03591	0.93263	0.71331	0.05197	0.99766	0.80379	0.90055	0.95069	0.23770	0.81784	0.36316	0.75121	0.28930	0.16892	0.78370	0.35154	0.62900	0.76505	0.84697	0.08132	0.49654	0.22156	0.00014	0.08568	0.64982	0.68857	0.80197	0.97273	0.23420	0.00000	0.84301	0.77442	0.31842	0.08248	0.73274	0.00004	0.71765	0.10424	0.50249	0.59257	0.48607	0.39161	0.12349	0.26831	0.26718	0.74040	0.55333	0.49995	0.89358	0.43647	0.84670	0.80641	0.16362	0.72080	0.70114	0.24460	0.85638	0.52693	0.10368	0.71255	0.47801	0.58051	0.98475	0.57905	0.00034	0.69254	0.94170	0.78471	0.90363	0.70598	0.67468	0.90190	0.52805	0.62177	0.01123	
	14. Random Excursions Test (p07)            PASS!	p=0.03572	0.94191	0.46917	0.73889	0.91259	0.81502	0.20267	0.77869	0.10373	0.56119	0.26365	0.08196	0.34117	0.22958	0.03504	0.28829	0.77501	0.06369	0.87111	0.15858	0.89482	0.59466	0.32185	0.90125	0.03371	0.10120	0.63015	0.88609	0.37778	0.82084	0.86055	0.70740	0.23955	0.43613	0.00000	0.00459	0.80373	0.16503	0.95641	0.24350	0.00494	0.04329	0.86965	0.26804	0.28724	0.85288	0.84950	0.00000	0.75796	0.29381	0.87471	0.99811	0.25686	0.62582	0.00043	0.19693	0.92004	0.57321	0.79293	0.78167	0.95641	0.18684	0.90038	0.95004	0.18541	0.97475	0.65408	0.66072	0.67120	0.20264	0.19519	0.49579	0.57695	0.84636	0.99533	0.01396	0.03143	0.57600	0.93470	0.42366	0.96984	0.11145	0.92324	0.11163	0.57786	0.95065	0.00131	
	14. Random Excursions Test (p08)            PASS!	p=0.06039	0.48381	0.97554	0.68873	0.80997	0.79469	0.52859	0.62591	0.55022	0.61582	0.98698	0.64246	0.12158	0.15467	0.01269	0.58543	0.84071	0.05795	0.91127	0.41023	0.96843	0.43625	0.18938	0.95024	0.92116	0.29682	0.41646	0.80212	0.12820	0.90468	0.93893	0.03949	0.61638	0.23213	0.69801	0.48833	0.97886	0.97574	0.95957	0.80172	0.18278	0.02691	0.88311	0.10151	0.05233	0.67529	0.87126	0.00133	0.84531	0.08220	0.85145	0.39599	0.02380	0.62656	0.34421	0.95207	0.74223	0.30245	0.11658	0.62765	0.95957	0.71939	0.49606	0.36136	0.19648	0.38648	0.38967	0.05559	0.88581	0.21701	0.51904	0.11336	0.67797	0.90965	0.99790	0.14034	0.49454	0.65603	0.86402	0.49899	0.98264	0.71898	0.56576	0.80877	0.74501	0.81572	0.01107	
	15. Random Excursions Variant Test (p01)    PASS!	p=0.04486	0.48080	0.45159	0.76643	0.21620	0.87672	0.40081	0.93167	0.58604	0.39117	0.66439	0.17129	0.36248	0.55080	0.57145	0.63754	0.49800	0.85941	0.50656	0.47950	0.49272	0.68787	0.85784	0.50479	0.82826	0.06389	0.61391	0.95967	0.60628	0.75637	0.12462	0.70893	0.42749	0.83194	0.76176	0.81124	0.43587	0.46125	0.67442	0.71656	0.53950	0.86383	0.36415	0.53635	0.67442	0.35572	0.88653	0.76643	0.52764	0.60691	0.73160	0.45095	0.50494	0.84302	0.55245	0.10184	0.44283	0.64166	0.28790	0.97207	0.23395	0.07531	0.33845	0.88864	0.79599	0.40485	0.49231	0.52273	0.85098	0.90897	0.42117	0.29699	0.55854	0.66083	0.00000	0.90635	0.56601	0.85810	0.81124	0.96468	0.30265	0.92864	0.55654	0.12349	0.79166	0.27215	0.27808	
	15. Random Excursions Variant Test (p02)    PASS!	p=0.24663	0.43573	0.49427	0.75183	0.18799	0.86883	0.37109	0.55294	0.63526	0.36131	0.68611	0.16969	0.33232	0.75083	0.69854	0.56407	0.39390	0.88754	0.47950	0.45159	0.46521	0.88663	0.92404	0.56128	0.86249	0.15883	0.85792	0.91425	0.67480	0.86883	0.06733	0.65694	0.47121	0.72257	0.92287	0.70292	0.43497	0.60103	0.65472	0.94398	0.74397	0.85513	0.33400	0.54342	0.65472	0.34247	0.76126	0.75183	0.38046	0.58388	0.71500	0.78265	0.42233	1.00000	0.52709	0.08850	0.65217	0.58199	0.39614	0.85218	0.33256	0.01112	0.28717	1.00000	0.78313	0.37519	0.52501	0.54933	0.92034	0.83132	0.39180	0.26689	0.58579	0.78526	0.00002	0.92516	0.44501	1.00000	0.61109	0.81366	0.56128	0.82394	0.41878	0.23304	0.75901	0.24239	0.24821	
	15. Random Excursions Variant Test (p03)    PASS!	p=0.00715	0.43821	0.64858	0.73410	0.15730	0.72275	0.33667	0.62393	0.69189	0.32680	0.75649	0.20269	0.40826	0.75649	0.85331	0.62775	0.39791	1.00000	0.44752	0.44663	0.43277	0.95116	0.86446	0.40538	0.95055	0.45934	0.87773	0.97693	0.48807	0.63618	0.01076	0.84079	0.45490	0.62742	0.83522	0.53888	0.37291	0.64582	0.63095	0.79163	0.86076	0.84452	0.31698	0.58649	0.63095	0.34371	0.91337	0.73410	0.43240	0.55630	0.69489	0.89285	0.42627	0.90985	0.49691	0.07043	0.76218	0.59460	0.46280	0.84136	0.29795	0.00044	0.27368	1.00000	0.90586	0.32680	0.45261	0.61919	0.64159	0.60099	0.40302	0.26726	0.50350	0.96665	0.00842	0.81387	0.26053	0.87007	0.68205	0.51036	0.36738	0.81112	0.38511	0.44689	0.84756	0.20920	0.21485	
	15. Random Excursions Variant Test (p04)    PASS!	p=0.23229	0.78741	0.89054	0.71192	0.13933	0.94875	0.29627	0.78985	0.85351	0.28642	0.78741	0.18145	0.57137	0.63697	1.00000	0.81477	0.56571	0.91233	0.40896	0.46911	0.39377	0.97344	0.62947	0.15209	0.83971	0.88372	0.96665	0.68280	0.40702	0.40334	0.01810	0.95646	0.46825	0.38603	0.93991	0.60335	0.15430	0.84595	0.60151	0.56568	0.92404	0.83117	0.29484	0.67893	0.60151	0.38376	0.63618	0.71192	0.70726	0.52243	0.66982	0.79211	0.77312	0.93460	0.46018	0.05747	1.00000	0.56290	0.49139	0.63214	0.54234	0.00053	0.38285	0.86180	0.69972	0.31485	0.33457	0.67948	0.24291	0.43437	0.43968	0.29129	0.43968	1.00000	0.22780	0.66083	0.19374	0.72211	0.82378	0.44090	0.15209	0.85278	0.42843	0.43342	0.81124	0.20578	0.18861	
	15. Random Excursions Variant Test (p05)    PASS!	p=0.58641	0.57615	0.80767	0.68309	0.15038	0.61886	0.24821	0.90619	0.41422	0.23859	0.82306	0.13253	0.63227	0.79419	0.95570	0.94837	0.70320	0.95147	0.36131	0.52946	0.34578	0.88294	0.53825	0.15658	0.76559	0.90348	0.74626	0.38495	0.50499	0.25551	0.05619	0.92786	0.58556	0.26059	0.93359	0.62246	0.04382	0.90231	0.56370	0.36429	0.67329	0.81366	0.26546	0.64724	0.63043	0.51148	0.74377	0.68309	0.59722	0.47950	0.63735	0.87140	0.93649	0.85602	0.41422	0.06749	0.94201	0.47729	0.39421	0.47049	0.84739	0.01060	0.74776	0.87259	0.66982	0.34578	0.25062	0.64783	0.16849	0.50425	0.42138	0.33371	0.51358	0.76302	0.40466	0.77721	0.21514	0.76808	0.68158	0.54280	0.24335	0.77395	0.45883	0.28984	0.66788	0.30268	0.19211	
	15. Random Excursions Variant Test (p06)    PASS!	p=0.42661	0.67260	0.78253	0.87737	0.19457	0.57270	0.23006	0.84113	0.64343	0.18145	0.93265	0.23490	0.55899	1.00000	0.70546	0.55695	0.88550	0.83599	0.36967	0.69733	0.34957	0.61646	0.45664	0.44969	1.00000	0.89063	0.63712	0.26987	0.92472	0.33355	0.01217	0.83733	0.61063	0.27719	0.60327	0.60881	0.17474	0.62617	0.51269	0.19849	0.40278	0.78927	0.22544	0.55318	0.74342	0.69134	0.94091	0.64343	0.54908	0.42268	0.59298	0.94147	0.71780	0.83700	0.35454	0.07296	1.00000	0.46830	0.28480	0.47820	0.91312	0.02747	0.81650	0.91312	0.93577	0.42268	0.26417	0.33898	0.37978	0.65601	0.45885	0.30749	0.64850	0.56881	0.44969	1.00000	0.21283	0.73810	0.42900	0.73007	0.70546	0.96289	0.56685	0.19043	0.82233	0.42775	0.16317	
	15. Random Excursions Variant Test (p07)    PASS!	p=0.09287	0.51569	0.83826	0.58388	0.16053	0.70292	0.30170	0.63526	0.78419	0.11385	0.76418	0.33055	0.62140	0.72634	0.60184	0.20779	0.90956	0.62421	0.36911	0.81802	0.38450	0.58696	0.65966	0.91098	0.61708	0.78627	0.45675	0.35108	0.53861	0.84877	0.00463	0.46612	0.51861	0.53861	0.21876	0.62029	0.61209	0.38728	0.43858	0.16159	0.47950	0.75183	0.40278	0.66100	1.00000	0.81430	0.79246	0.58388	0.87926	0.34278	0.52709	0.76108	0.55655	0.90312	0.27332	0.05049	0.62559	0.63355	0.23644	0.56128	0.79625	0.05263	0.55630	0.82964	0.84877	0.34278	0.32175	0.11979	0.95396	0.42920	0.50018	0.16564	0.89274	0.68583	0.37109	0.58759	0.18588	0.12937	0.44090	0.74397	0.73732	0.62029	0.71780	0.19671	0.65791	0.45882	0.12114	
	15. Random Excursions Variant Test (p08)    PASS!	p=0.79857	0.60558	0.71218	0.47950	0.17423	0.80554	0.27866	1.00000	0.34578	0.07245	0.51861	0.22642	0.89853	0.89728	0.50058	0.13000	0.50931	0.09169	0.52709	0.69206	0.47496	0.44422	0.66982	1.00000	0.69854	0.52861	0.47117	0.58800	0.27902	0.38889	0.00308	0.05987	0.54113	0.71822	0.11235	0.39377	0.82726	0.15128	0.50499	0.15730	0.85513	0.68309	0.58915	0.82085	1.00000	0.54420	0.82085	0.47950	0.60099	0.22067	0.41422	0.91070	0.49015	0.93738	0.23859	0.04900	0.41283	0.90203	0.37026	0.93359	0.50499	0.33592	0.57752	0.82414	0.71192	0.14483	0.35555	0.11358	0.88150	0.24739	0.66342	0.10597	1.00000	0.93064	0.38648	0.62406	0.11842	0.00832	0.28642	0.52709	0.77283	0.61886	1.00000	0.27866	0.22995	0.74989	0.12134	
	15. Random Excursions Variant Test (p09)    PASS!	p=0.14940	0.91098	0.58388	1.00000	0.62393	0.66982	0.08326	0.72367	0.30743	0.25790	0.37109	0.22676	0.65869	0.31430	0.86763	0.20671	0.37400	0.04461	1.00000	0.39117	0.47950	0.43951	0.46018	0.45325	0.65472	0.33198	0.57910	1.00000	0.26059	0.13559	0.00666	0.04639	0.56370	1.00000	0.08012	0.17573	0.57075	0.11759	1.00000	0.10247	1.00000	0.47950	0.68850	1.00000	0.56370	0.29351	0.69489	0.22067	0.30818	0.09896	0.72367	0.84597	0.63259	0.68309	0.22067	0.04535	0.66252	0.83117	0.64808	1.00000	0.38648	0.61708	0.86076	1.00000	0.83117	0.06902	0.21835	0.17059	0.36616	0.23859	0.54649	0.19360	1.00000	0.29129	0.61708	0.90348	0.03461	0.01219	0.21835	0.27332	0.61708	0.80554	0.47950	0.38648	0.37286	0.74042	0.37109	
	15. Random Excursions Variant Test (p10)    PASS!	p=0.84035	1.00000	0.78419	0.68309	0.16981	0.83117	0.11235	0.72367	0.41422	0.77730	0.26355	0.37540	0.15111	0.65472	0.40466	0.17389	0.70320	0.71500	0.46521	0.39117	0.59588	0.82520	0.80554	0.08012	1.00000	0.71600	0.57910	0.34808	0.61708	0.20083	0.29129	0.71725	0.44142	0.16913	0.13361	0.62246	0.70546	0.64531	0.38648	0.27630	0.75183	0.47950	0.28505	0.69489	1.00000	0.59943	0.55630	0.22067	0.42801	0.09896	0.28884	0.62722	0.55010	0.89176	0.15304	0.11956	0.82726	1.00000	0.58388	1.00000	1.00000	0.86763	0.79246	0.77283	0.52243	0.47950	0.62246	0.83303	0.05281	1.00000	0.03481	0.61708	0.76302	0.05002	0.31731	0.46685	0.35254	0.14037	0.38889	0.58388	0.80259	0.62246	0.68617	0.88523	0.19803	0.82520	0.57615	
	15. Random Excursions Variant Test (p11)    PASS!	p=0.24663	0.79625	0.79215	1.00000	0.23448	1.00000	0.86763	0.75946	0.63735	0.87028	0.43858	0.81606	0.03538	0.51861	0.77283	0.08214	0.41992	0.83303	0.59816	0.27608	0.30743	0.94916	0.94334	0.24821	0.69854	1.00000	0.29795	0.36658	0.88523	0.21835	0.86180	0.56531	0.61708	0.27902	0.34814	0.94334	0.91312	0.48960	0.24335	0.52965	0.36131	0.22067	0.44040	0.49691	0.73888	1.00000	0.49691	0.63735	0.79372	0.13442	0.68309	0.77918	0.62906	0.27136	0.55569	0.63781	0.85011	0.53825	0.34278	1.00000	0.61708	0.92334	0.83949	0.95570	0.01935	0.90714	0.17693	0.36131	0.29672	0.54029	0.48623	0.81736	0.48623	0.33835	0.56370	0.36273	0.69627	0.14786	0.35555	0.59816	0.77283	0.83117	0.90714	1.00000	0.42352	0.94916	0.19671	
	15. Random Excursions Variant Test (p12)    PASS!	p=0.29365	0.68916	0.87028	0.27332	0.38046	0.84877	0.69854	0.17896	0.85513	0.94957	0.54851	0.38709	0.07542	0.21130	0.94058	0.09026	0.33428	0.41422	0.87028	0.35739	0.42920	0.88222	0.54483	0.37109	0.42371	0.78627	0.21485	0.48432	0.82306	0.29427	0.83971	0.74601	0.93141	0.28818	0.57615	0.37844	0.86577	0.36508	0.00195	0.71500	0.32220	0.20590	0.51094	0.59873	0.60558	0.76906	0.79246	0.85513	0.91933	0.05778	0.75183	0.93077	0.66893	0.16159	0.92726	0.76544	0.88362	0.39083	0.32719	1.00000	0.79625	0.82306	0.58292	0.89728	0.01004	0.96397	0.22587	0.17160	0.48842	0.79215	0.94625	0.92873	0.22492	0.54400	0.65472	0.25475	0.38467	0.14688	0.58199	1.00000	0.82306	0.29560	0.55702	0.65138	0.85941	0.72956	0.42371	
	15. Random Excursions Variant Test (p13)    PASS!	p=0.53884	0.35254	0.53456	0.01355	0.48132	1.00000	1.00000	0.22910	0.64343	0.87260	0.67260	0.41088	0.35848	0.13913	0.37782	0.13228	0.41449	0.53456	1.00000	0.65001	0.46236	0.70718	0.37672	0.44969	0.39802	0.61413	0.24886	0.47814	0.74086	0.37540	0.95456	0.51558	0.91312	0.23755	0.92472	0.16280	0.52032	0.34750	0.00032	0.71882	0.40278	0.06137	0.44868	0.55318	0.66252	0.84264	0.76685	0.75762	0.89784	0.01616	0.04502	0.65955	0.55702	0.44040	0.93850	0.50133	0.86898	0.46830	0.31702	0.95649	1.00000	0.75278	0.81650	0.79904	0.04395	0.73113	0.22642	0.18859	0.46421	0.59298	0.95456	0.87983	0.21000	0.42503	0.70546	0.23338	0.48220	0.19993	0.42900	0.67885	0.77681	0.19268	0.54128	0.35371	0.76464	0.73844	0.89912	
	15. Random Excursions Variant Test (p14)    PASS!	p=0.53884	0.27980	0.24756	0.00008	0.45218	0.94334	0.96163	0.37676	0.94575	0.85044	0.88150	0.28263	0.65869	0.13604	0.34494	0.13641	0.79950	0.54280	0.95147	0.90897	0.47950	0.94131	0.51151	0.50499	0.45606	0.37384	0.26726	0.31354	0.83497	0.43437	0.68767	0.16507	0.65340	0.55967	1.00000	0.18919	0.44969	0.34147	0.00004	0.58621	0.39908	0.01842	0.42268	0.64724	0.70031	0.89553	0.74377	0.89176	1.00000	0.04108	0.00016	0.82071	0.52383	0.49624	0.89176	0.40086	0.88433	0.56967	0.31530	0.80989	0.50058	0.78118	0.88378	0.89791	0.06464	0.29657	0.20339	0.21878	0.41357	0.43206	0.65108	0.84148	0.26892	0.36571	0.73888	0.24109	0.44687	0.25831	0.32476	0.95147	0.55967	0.20339	0.97314	0.26847	0.62055	0.76839	0.79419	
	15. Random Excursions Variant Test (p15)    PASS!	p=0.56250	0.31187	0.25911	0.00000	0.40776	0.94875	1.00000	0.33736	0.80554	0.76534	0.78741	0.18952	0.97344	0.17753	0.36571	0.15129	0.81828	0.47422	0.86883	0.75637	0.48837	0.81570	0.45792	0.54649	0.50018	0.32354	0.27699	0.29957	0.73446	0.47950	0.49535	0.14796	0.66342	0.85053	0.93991	0.22067	0.45885	0.37443	0.00000	0.53825	0.36505	0.13559	0.49338	0.59460	0.72772	0.81224	0.81303	0.90203	0.94556	0.02296	0.00002	0.86052	0.34877	0.23409	0.62246	0.39572	0.62168	0.60707	0.32175	0.86180	0.43342	0.80161	0.87393	0.68461	0.08263	0.28642	0.22067	0.25256	0.66852	0.47729	0.58544	0.43308	0.31731	0.41325	0.76302	0.01164	0.30806	0.30656	0.45792	0.74118	0.54649	0.23498	0.60462	0.29627	0.90495	0.50546	0.71078	
	15. Random Excursions Variant Test (p16)    PASS!	p=0.14940	0.36852	0.38933	0.00000	0.43029	0.85920	0.81018	0.49246	0.82085	0.96871	0.95055	0.16585	0.64593	0.21485	0.40538	0.16948	0.77811	0.57752	1.00000	0.84910	0.52388	1.00000	0.37474	0.57910	0.53514	0.31297	0.31731	0.43496	0.46659	0.51541	0.40302	0.17512	0.65005	0.62742	0.83522	0.25991	0.46307	0.42865	0.00000	0.59722	0.40473	0.55630	0.48132	0.58649	0.93619	0.97095	0.87038	0.65061	0.94992	0.00402	0.00060	0.76698	0.44580	0.13112	0.23448	0.44686	0.56531	0.55431	0.37554	0.93619	0.57517	0.57910	0.86479	0.33667	0.06679	0.29992	0.25991	0.23067	0.94291	0.55630	0.64556	0.37480	0.35764	0.40302	0.78151	0.00308	0.21411	0.34694	0.68205	1.00000	0.57910	0.25991	0.51933	0.33667	0.76259	0.64593	0.78018	
	15. Random Excursions Variant Test (p17)    PASS!	p=0.18133	0.37084	0.38315	0.00000	0.37554	0.65966	0.76559	0.55294	0.59816	0.91277	0.90807	0.21189	0.47595	0.24821	0.43858	0.22868	0.71832	0.74141	0.92489	0.85941	0.61561	0.84180	0.35670	0.60558	0.56370	0.28707	0.35188	0.59031	0.38352	0.54483	0.45956	0.22415	0.56770	0.62830	0.92287	0.29427	0.49452	0.50571	0.00000	0.50439	0.46243	0.71500	0.46872	0.54342	0.94058	0.86539	1.00000	0.39908	0.88378	0.00126	0.06789	0.96000	0.71114	0.27605	0.03070	0.52766	0.57314	0.54483	0.46498	0.97027	0.65472	0.57587	0.68355	0.32032	0.06126	0.29682	0.29427	0.28849	0.92034	0.62635	0.72610	0.42347	0.39180	0.39180	0.79625	0.09087	0.15607	0.38125	0.89884	0.77730	0.60558	0.29427	0.60192	0.37109	0.62715	0.95452	0.81736	
	15. Random Excursions Variant Test (p18)    PASS!	p=0.01763	0.37087	0.38788	0.00000	0.31786	0.71738	0.94418	0.34556	0.58604	0.86383	0.95675	0.26527	0.52035	0.27808	0.46685	0.25816	0.78161	0.79048	0.96468	0.93370	0.63720	0.48620	0.33941	0.62763	0.58759	0.31731	0.38186	0.59541	0.48562	0.56949	0.55854	0.22716	0.90711	0.80837	0.73877	0.32453	0.52108	0.59206	0.00000	0.46777	0.51445	0.86383	0.53803	0.29536	0.94418	0.87349	0.66859	0.48824	0.80479	0.00509	0.07174	0.88760	0.83920	0.40930	0.01748	0.39813	0.45872	0.56949	0.47864	0.88864	0.44121	0.51779	0.74967	0.32699	0.09799	0.28104	0.32453	0.37090	0.92516	0.60691	0.79799	0.40959	0.42117	0.42117	0.80837	0.31731	0.15133	0.41080	0.78817	0.69024	0.62763	0.32453	0.82548	0.40081	0.56438	0.87233	0.89215	

	Running discretize based tests on Deterministic 

	01. Monobit Test                            PASS!	p=0.00000	1.00000	1.00000	1.00000	1.00000	1.00000	1.00000	1.00000	1.00000	1.00000	1.00000	1.00000	1.00000	1.00000	1.00000	1.00000	1.00000	1.00000	1.00000	1.00000	1.00000	1.00000	1.00000	1.00000	1.00000	1.00000	1.00000	1.00000	1.00000	1.00000	1.00000	1.00000	1.00000	1.00000	1.00000	1.00000	1.00000	1.00000	1.00000	1.00000	1.00000	1.00000	1.00000	1.00000	1.00000	1.00000	1.00000	1.00000	1.00000	1.00000	1.00000	1.00000	1.00000	1.00000	1.00000	1.00000	1.00000	1.00000	1.00000	1.00000	1.00000	1.00000	1.00000	1.00000	1.00000	1.00000	1.00000	1.00000	1.00000	1.00000	1.00000	1.00000	1.00000	1.00000	1.00000	1.00000	1.00000	1.00000	1.00000	1.00000	1.00000	1.00000	1.00000	1.00000	1.00000	1.00000	1.00000	
	02. Block Frequency Test                    PASS!	p=0.00000	1.00000	1.00000	1.00000	1.00000	1.00000	1.00000	1.00000	1.00000	1.00000	1.00000	1.00000	1.00000	1.00000	1.00000	1.00000	1.00000	1.00000	1.00000	1.00000	1.00000	1.00000	1.00000	1.00000	1.00000	1.00000	1.00000	1.00000	1.00000	1.00000	1.00000	1.00000	1.00000	1.00000	1.00000	1.00000	1.00000	1.00000	1.00000	1.00000	1.00000	1.00000	1.00000	1.00000	1.00000	1.00000	1.00000	1.00000	1.00000	1.00000	1.00000	1.00000	1.00000	1.00000	1.00000	1.00000	1.00000	1.00000	1.00000	1.00000	1.00000	1.00000	1.00000	1.00000	1.00000	1.00000	1.00000	1.00000	1.00000	1.00000	1.00000	1.00000	1.00000	1.00000	1.00000	1.00000	1.00000	1.00000	1.00000	1.00000	1.00000	1.00000	1.00000	1.00000	1.00000	1.00000	1.00000	
	03. Independent Runs Test                   FAIL!	p=0.00000	0.00000	0.00000	0.00000	0.00000	0.00000	0.00000	0.00000	0.00000	0.00000	0.00000	0.00000	0.00000	0.00000	0.00000	0.00000	0.00000	0.00000	0.00000	0.00000	0.00000	0.00000	0.00000	0.00000	0.00000	0.00000	0.00000	0.00000	0.00000	0.00000	0.00000	0.00000	0.00000	0.00000	0.00000	0.00000	0.00000	0.00000	0.00000	0.00000	0.00000	0.00000	0.00000	0.00000	0.00000	0.00000	0.00000	0.00000	0.00000	0.00000	0.00000	0.00000	0.00000	0.00000	0.00000	0.00000	0.00000	0.00000	0.00000	0.00000	0.00000	0.00000	0.00000	0.00000	0.00000	0.00000	0.00000	0.00000	0.00000	0.00000	0.00000	0.00000	0.00000	0.00000	0.00000	0.00000	0.00000	0.00000	0.00000	0.00000	0.00000	0.00000	0.00000	0.00000	0.00000	0.00000	0.00000	
	04. Longest Runs Test                       FAIL!	p=0.00000	0.00000	0.00000	0.00000	0.00000	0.00000	0.00000	0.00000	0.00000	0.00000	0.00000	0.00000	0.00000	0.00000	0.00000	0.00000	0.00000	0.00000	0.00000	0.00000	0.00000	0.00000	0.00000	0.00000	0.00000	0.00000	0.00000	0.00000	0.00000	0.00000	0.00000	0.00000	0.00000	0.00000	0.00000	0.00000	0.00000	0.00000	0.00000	0.00000	0.00000	0.00000	0.00000	0.00000	0.00000	0.00000	0.00000	0.00000	0.00000	0.00000	0.00000	0.00000	0.00000	0.00000	0.00000	0.00000	0.00000	0.00000	0.00000	0.00000	0.00000	0.00000	0.00000	0.00000	0.00000	0.00000	0.00000	0.00000	0.00000	0.00000	0.00000	0.00000	0.00000	0.00000	0.00000	0.00000	0.00000	0.00000	0.00000	0.00000	0.00000	0.00000	0.00000	0.00000	0.00000	0.00000	0.00000	
	05. Matrix Rank Test                        FAIL!	p=0.00000	0.00005	0.00005	0.00005	0.00005	0.00005	0.00005	0.00005	0.00005	0.00005	0.00005	0.00005	0.00005	0.00005	0.00005	0.00005	0.00005	0.00005	0.00005	0.00005	0.00005	0.00005	0.00005	0.00005	0.00005	0.00005	0.00005	0.00005	0.00005	0.00005	0.00005	0.00005	0.00005	0.00005	0.00005	0.00005	0.00005	0.00005	0.00005	0.00005	0.00005	0.00005	0.00005	0.00005	0.00005	0.00005	0.00005	0.00005	0.00005	0.00005	0.00005	0.00005	0.00005	0.00005	0.00005	0.00005	0.00005	0.00005	0.00005	0.00005	0.00005	0.00005	0.00005	0.00005	0.00005	0.00005	0.00005	0.00005	0.00005	0.00005	0.00005	0.00005	0.00005	0.00005	0.00005	0.00005	0.00005	0.00005	0.00005	0.00005	0.00005	0.00005	0.00005	0.00005	0.00005	0.00005	0.00005	
	06. Spectral Test                           FAIL!	p=0.00000	0.00000	0.00000	0.00000	0.00000	0.00000	0.00000	0.00000	0.00000	0.00000	0.00000	0.00000	0.00000	0.00000	0.00000	0.00000	0.00000	0.00000	0.00000	0.00000	0.00000	0.00000	0.00000	0.00000	0.00000	0.00000	0.00000	0.00000	0.00000	0.00000	0.00000	0.00000	0.00000	0.00000	0.00000	0.00000	0.00000	0.00000	0.00000	0.00000	0.00000	0.00000	0.00000	0.00000	0.00000	0.00000	0.00000	0.00000	0.00000	0.00000	0.00000	0.00000	0.00000	0.00000	0.00000	0.00000	0.00000	0.00000	0.00000	0.00000	0.00000	0.00000	0.00000	0.00000	0.00000	0.00000	0.00000	0.00000	0.00000	0.00000	0.00000	0.00000	0.00000	0.00000	0.00000	0.00000	0.00000	0.00000	0.00000	0.00000	0.00000	0.00000	0.00000	0.00000	0.00000	0.00000	0.00000	
	07. Non Overlapping Patterns Test           FAIL!	p=0.00000	0.00000	0.00000	0.00000	0.00000	0.00000	0.00000	0.00000	0.00000	0.00000	0.00000	0.00000	0.00000	0.00000	0.00000	0.00000	0.00000	0.00000	0.00000	0.00000	0.00000	0.00000	0.00000	0.00000	0.00000	0.00000	0.00000	0.00000	0.00000	0.00000	0.00000	0.00000	0.00000	0.00000	0.00000	0.00000	0.00000	0.00000	0.00000	0.00000	0.00000	0.00000	0.00000	0.00000	0.00000	0.00000	0.00000	0.00000	0.00000	0.00000	0.00000	0.00000	0.00000	0.00000	0.00000	0.00000	0.00000	0.00000	0.00000	0.00000	0.00000	0.00000	0.00000	0.00000	0.00000	0.00000	0.00000	0.00000	0.00000	0.00000	0.00000	0.00000	0.00000	0.00000	0.00000	0.00000	0.00000	0.00000	0.00000	0.00000	0.00000	0.00000	0.00000	0.00000	0.00000	0.00000	0.00000	
	08. Overlapping Patterns Test               PASS!	p=0.00000	0.95194	0.95194	0.95194	0.95194	0.95194	0.95194	0.95194	0.95194	0.95194	0.95194	0.95194	0.95194	0.95194	0.95194	0.95194	0.95194	0.95194	0.95194	0.95194	0.95194	0.95194	0.95194	0.95194	0.95194	0.95194	0.95194	0.95194	0.95194	0.95194	0.95194	0.95194	0.95194	0.95194	0.95194	0.95194	0.95194	0.95194	0.95194	0.95194	0.95194	0.95194	0.95194	0.95194	0.95194	0.95194	0.95194	0.95194	0.95194	0.95194	0.95194	0.95194	0.95194	0.95194	0.95194	0.95194	0.95194	0.95194	0.95194	0.95194	0.95194	0.95194	0.95194	0.95194	0.95194	0.95194	0.95194	0.95194	0.95194	0.95194	0.95194	0.95194	0.95194	0.95194	0.95194	0.95194	0.95194	0.95194	0.95194	0.95194	0.95194	0.95194	0.95194	0.95194	0.95194	0.95194	0.95194	
	09. Universal Test                          SKIP!	p=SKIPPED	-1.0000	-1.0000	-1.0000	-1.0000	-1.0000	-1.0000	-1.0000	-1.0000	-1.0000	-1.0000	-1.0000	-1.0000	-1.0000	-1.0000	-1.0000	-1.0000	-1.0000	-1.0000	-1.0000	-1.0000	-1.0000	-1.0000	-1.0000	-1.0000	-1.0000	-1.0000	-1.0000	-1.0000	-1.0000	-1.0000	-1.0000	-1.0000	-1.0000	-1.0000	-1.0000	-1.0000	-1.0000	-1.0000	-1.0000	-1.0000	-1.0000	-1.0000	-1.0000	-1.0000	-1.0000	-1.0000	-1.0000	-1.0000	-1.0000	-1.0000	-1.0000	-1.0000	-1.0000	-1.0000	-1.0000	-1.0000	-1.0000	-1.0000	-1.0000	-1.0000	-1.0000	-1.0000	-1.0000	-1.0000	-1.0000	-1.0000	-1.0000	-1.0000	-1.0000	-1.0000	-1.0000	-1.0000	-1.0000	-1.0000	-1.0000	-1.0000	-1.0000	-1.0000	-1.0000	-1.0000	-1.0000	-1.0000	-1.0000	-1.0000	-1.0000	-1.0000	
	10. Linear Complexity Test                  FAIL!	p=0.00000	0.00000	0.00000	0.00000	0.00000	0.00000	0.00000	0.00000	0.00000	0.00000	0.00000	0.00000	0.00000	0.00000	0.00000	0.00000	0.00000	0.00000	0.00000	0.00000	0.00000	0.00000	0.00000	0.00000	0.00000	0.00000	0.00000	0.00000	0.00000	0.00000	0.00000	0.00000	0.00000	0.00000	0.00000	0.00000	0.00000	0.00000	0.00000	0.00000	0.00000	0.00000	0.00000	0.00000	0.00000	0.00000	0.00000	0.00000	0.00000	0.00000	0.00000	0.00000	0.00000	0.00000	0.00000	0.00000	0.00000	0.00000	0.00000	0.00000	0.00000	0.00000	0.00000	0.00000	0.00000	0.00000	0.00000	0.00000	0.00000	0.00000	0.00000	0.00000	0.00000	0.00000	0.00000	0.00000	0.00000	0.00000	0.00000	0.00000	0.00000	0.00000	0.00000	0.00000	0.00000	0.00000	0.00000	
	11. Serial Test (p01)                       FAIL!	p=0.00000	0.00000	0.00000	0.00000	0.00000	0.00000	0.00000	0.00000	0.00000	0.00000	0.00000	0.00000	0.00000	0.00000	0.00000	0.00000	0.00000	0.00000	0.00000	0.00000	0.00000	0.00000	0.00000	0.00000	0.00000	0.00000	0.00000	0.00000	0.00000	0.00000	0.00000	0.00000	0.00000	0.00000	0.00000	0.00000	0.00000	0.00000	0.00000	0.00000	0.00000	0.00000	0.00000	0.00000	0.00000	0.00000	0.00000	0.00000	0.00000	0.00000	0.00000	0.00000	0.00000	0.00000	0.00000	0.00000	0.00000	0.00000	0.00000	0.00000	0.00000	0.00000	0.00000	0.00000	0.00000	0.00000	0.00000	0.00000	0.00000	0.00000	0.00000	0.00000	0.00000	0.00000	0.00000	0.00000	0.00000	0.00000	0.00000	0.00000	0.00000	0.00000	0.00000	0.00000	0.00000	0.00000	0.00000	
	11. Serial Test (p02)                       FAIL!	p=0.00000	0.00000	0.00000	0.00000	0.00000	0.00000	0.00000	0.00000	0.00000	0.00000	0.00000	0.00000	0.00000	0.00000	0.00000	0.00000	0.00000	0.00000	0.00000	0.00000	0.00000	0.00000	0.00000	0.00000	0.00000	0.00000	0.00000	0.00000	0.00000	0.00000	0.00000	0.00000	0.00000	0.00000	0.00000	0.00000	0.00000	0.00000	0.00000	0.00000	0.00000	0.00000	0.00000	0.00000	0.00000	0.00000	0.00000	0.00000	0.00000	0.00000	0.00000	0.00000	0.00000	0.00000	0.00000	0.00000	0.00000	0.00000	0.00000	0.00000	0.00000	0.00000	0.00000	0.00000	0.00000	0.00000	0.00000	0.00000	0.00000	0.00000	0.00000	0.00000	0.00000	0.00000	0.00000	0.00000	0.00000	0.00000	0.00000	0.00000	0.00000	0.00000	0.00000	0.00000	0.00000	0.00000	0.00000	
	12. Approximate Entropy Test                FAIL!	p=0.00000	0.00000	0.00000	0.00000	0.00000	0.00000	0.00000	0.00000	0.00000	0.00000	0.00000	0.00000	0.00000	0.00000	0.00000	0.00000	0.00000	0.00000	0.00000	0.00000	0.00000	0.00000	0.00000	0.00000	0.00000	0.00000	0.00000	0.00000	0.00000	0.00000	0.00000	0.00000	0.00000	0.00000	0.00000	0.00000	0.00000	0.00000	0.00000	0.00000	0.00000	0.00000	0.00000	0.00000	0.00000	0.00000	0.00000	0.00000	0.00000	0.00000	0.00000	0.00000	0.00000	0.00000	0.00000	0.00000	0.00000	0.00000	0.00000	0.00000	0.00000	0.00000	0.00000	0.00000	0.00000	0.00000	0.00000	0.00000	0.00000	0.00000	0.00000	0.00000	0.00000	0.00000	0.00000	0.00000	0.00000	0.00000	0.00000	0.00000	0.00000	0.00000	0.00000	0.00000	0.00000	0.00000	0.00000	
	13. Cumulative Sums Test (Forward)          PASS!	p=0.00000	1.00000	1.00000	1.00000	1.00000	1.00000	1.00000	1.00000	1.00000	1.00000	1.00000	1.00000	1.00000	1.00000	1.00000	1.00000	1.00000	1.00000	1.00000	1.00000	1.00000	1.00000	1.00000	1.00000	1.00000	1.00000	1.00000	1.00000	1.00000	1.00000	1.00000	1.00000	1.00000	1.00000	1.00000	1.00000	1.00000	1.00000	1.00000	1.00000	1.00000	1.00000	1.00000	1.00000	1.00000	1.00000	1.00000	1.00000	1.00000	1.00000	1.00000	1.00000	1.00000	1.00000	1.00000	1.00000	1.00000	1.00000	1.00000	1.00000	1.00000	1.00000	1.00000	1.00000	1.00000	1.00000	1.00000	1.00000	1.00000	1.00000	1.00000	1.00000	1.00000	1.00000	1.00000	1.00000	1.00000	1.00000	1.00000	1.00000	1.00000	1.00000	1.00000	1.00000	1.00000	1.00000	1.00000	
	13. Cumulative Sums Test (Backward)         PASS!	p=0.00000	1.00000	1.00000	1.00000	1.00000	1.00000	1.00000	1.00000	1.00000	1.00000	1.00000	1.00000	1.00000	1.00000	1.00000	1.00000	1.00000	1.00000	1.00000	1.00000	1.00000	1.00000	1.00000	1.00000	1.00000	1.00000	1.00000	1.00000	1.00000	1.00000	1.00000	1.00000	1.00000	1.00000	1.00000	1.00000	1.00000	1.00000	1.00000	1.00000	1.00000	1.00000	1.00000	1.00000	1.00000	1.00000	1.00000	1.00000	1.00000	1.00000	1.00000	1.00000	1.00000	1.00000	1.00000	1.00000	1.00000	1.00000	1.00000	1.00000	1.00000	1.00000	1.00000	1.00000	1.00000	1.00000	1.00000	1.00000	1.00000	1.00000	1.00000	1.00000	1.00000	1.00000	1.00000	1.00000	1.00000	1.00000	1.00000	1.00000	1.00000	1.00000	1.00000	1.00000	1.00000	1.00000	1.00000	
	14. Random Excursions Test (p01)            FAIL!	p=0.00000	0.00000	0.00000	0.00000	0.00000	0.00000	0.00000	0.00000	0.00000	0.00000	0.00000	0.00000	0.00000	0.00000	0.00000	0.00000	0.00000	0.00000	0.00000	0.00000	0.00000	0.00000	0.00000	0.00000	0.00000	0.00000	0.00000	0.00000	0.00000	0.00000	0.00000	0.00000	0.00000	0.00000	0.00000	0.00000	0.00000	0.00000	0.00000	0.00000	0.00000	0.00000	0.00000	0.00000	0.00000	0.00000	0.00000	0.00000	0.00000	0.00000	0.00000	0.00000	0.00000	0.00000	0.00000	0.00000	0.00000	0.00000	0.00000	0.00000	0.00000	0.00000	0.00000	0.00000	0.00000	0.00000	0.00000	0.00000	0.00000	0.00000	0.00000	0.00000	0.00000	0.00000	0.00000	0.00000	0.00000	0.00000	0.00000	0.00000	0.00000	0.00000	0.00000	0.00000	0.00000	0.00000	0.00000	
	14. Random Excursions Test (p02)            FAIL!	p=0.00000	0.00000	0.00000	0.00000	0.00000	0.00000	0.00000	0.00000	0.00000	0.00000	0.00000	0.00000	0.00000	0.00000	0.00000	0.00000	0.00000	0.00000	0.00000	0.00000	0.00000	0.00000	0.00000	0.00000	0.00000	0.00000	0.00000	0.00000	0.00000	0.00000	0.00000	0.00000	0.00000	0.00000	0.00000	0.00000	0.00000	0.00000	0.00000	0.00000	0.00000	0.00000	0.00000	0.00000	0.00000	0.00000	0.00000	0.00000	0.00000	0.00000	0.00000	0.00000	0.00000	0.00000	0.00000	0.00000	0.00000	0.00000	0.00000	0.00000	0.00000	0.00000	0.00000	0.00000	0.00000	0.00000	0.00000	0.00000	0.00000	0.00000	0.00000	0.00000	0.00000	0.00000	0.00000	0.00000	0.00000	0.00000	0.00000	0.00000	0.00000	0.00000	0.00000	0.00000	0.00000	0.00000	0.00000	
	14. Random Excursions Test (p03)            FAIL!	p=0.00000	0.00000	0.00000	0.00000	0.00000	0.00000	0.00000	0.00000	0.00000	0.00000	0.00000	0.00000	0.00000	0.00000	0.00000	0.00000	0.00000	0.00000	0.00000	0.00000	0.00000	0.00000	0.00000	0.00000	0.00000	0.00000	0.00000	0.00000	0.00000	0.00000	0.00000	0.00000	0.00000	0.00000	0.00000	0.00000	0.00000	0.00000	0.00000	0.00000	0.00000	0.00000	0.00000	0.00000	0.00000	0.00000	0.00000	0.00000	0.00000	0.00000	0.00000	0.00000	0.00000	0.00000	0.00000	0.00000	0.00000	0.00000	0.00000	0.00000	0.00000	0.00000	0.00000	0.00000	0.00000	0.00000	0.00000	0.00000	0.00000	0.00000	0.00000	0.00000	0.00000	0.00000	0.00000	0.00000	0.00000	0.00000	0.00000	0.00000	0.00000	0.00000	0.00000	0.00000	0.00000	0.00000	0.00000	
	14. Random Excursions Test (p04)            FAIL!	p=0.00000	0.00000	0.00000	0.00000	0.00000	0.00000	0.00000	0.00000	0.00000	0.00000	0.00000	0.00000	0.00000	0.00000	0.00000	0.00000	0.00000	0.00000	0.00000	0.00000	0.00000	0.00000	0.00000	0.00000	0.00000	0.00000	0.00000	0.00000	0.00000	0.00000	0.00000	0.00000	0.00000	0.00000	0.00000	0.00000	0.00000	0.00000	0.00000	0.00000	0.00000	0.00000	0.00000	0.00000	0.00000	0.00000	0.00000	0.00000	0.00000	0.00000	0.00000	0.00000	0.00000	0.00000	0.00000	0.00000	0.00000	0.00000	0.00000	0.00000	0.00000	0.00000	0.00000	0.00000	0.00000	0.00000	0.00000	0.00000	0.00000	0.00000	0.00000	0.00000	0.00000	0.00000	0.00000	0.00000	0.00000	0.00000	0.00000	0.00000	0.00000	0.00000	0.00000	0.00000	0.00000	0.00000	0.00000	
	14. Random Excursions Test (p05)            FAIL!	p=0.00000	0.00000	0.00000	0.00000	0.00000	0.00000	0.00000	0.00000	0.00000	0.00000	0.00000	0.00000	0.00000	0.00000	0.00000	0.00000	0.00000	0.00000	0.00000	0.00000	0.00000	0.00000	0.00000	0.00000	0.00000	0.00000	0.00000	0.00000	0.00000	0.00000	0.00000	0.00000	0.00000	0.00000	0.00000	0.00000	0.00000	0.00000	0.00000	0.00000	0.00000	0.00000	0.00000	0.00000	0.00000	0.00000	0.00000	0.00000	0.00000	0.00000	0.00000	0.00000	0.00000	0.00000	0.00000	0.00000	0.00000	0.00000	0.00000	0.00000	0.00000	0.00000	0.00000	0.00000	0.00000	0.00000	0.00000	0.00000	0.00000	0.00000	0.00000	0.00000	0.00000	0.00000	0.00000	0.00000	0.00000	0.00000	0.00000	0.00000	0.00000	0.00000	0.00000	0.00000	0.00000	0.00000	0.00000	
	14. Random Excursions Test (906)            FAIL!	p=0.00000	0.00000	0.00000	0.00000	0.00000	0.00000	0.00000	0.00000	0.00000	0.00000	0.00000	0.00000	0.00000	0.00000	0.00000	0.00000	0.00000	0.00000	0.00000	0.00000	0.00000	0.00000	0.00000	0.00000	0.00000	0.00000	0.00000	0.00000	0.00000	0.00000	0.00000	0.00000	0.00000	0.00000	0.00000	0.00000	0.00000	0.00000	0.00000	0.00000	0.00000	0.00000	0.00000	0.00000	0.00000	0.00000	0.00000	0.00000	0.00000	0.00000	0.00000	0.00000	0.00000	0.00000	0.00000	0.00000	0.00000	0.00000	0.00000	0.00000	0.00000	0.00000	0.00000	0.00000	0.00000	0.00000	0.00000	0.00000	0.00000	0.00000	0.00000	0.00000	0.00000	0.00000	0.00000	0.00000	0.00000	0.00000	0.00000	0.00000	0.00000	0.00000	0.00000	0.00000	0.00000	0.00000	0.00000	
	14. Random Excursions Test (p07)            FAIL!	p=0.00000	0.00010	0.00000	0.00000	0.00000	0.00000	0.00010	0.00000	0.00000	0.00000	0.00000	0.00010	0.00000	0.00000	0.00000	0.00000	0.00010	0.00000	0.00000	0.00000	0.00000	0.00010	0.00000	0.00000	0.00000	0.00000	0.00010	0.00000	0.00000	0.00000	0.00000	0.00010	0.00000	0.00000	0.00000	0.00000	0.00010	0.00000	0.00000	0.00000	0.00000	0.00010	0.00000	0.00000	0.00000	0.00000	0.00010	0.00000	0.00000	0.00000	0.00000	0.00010	0.00000	0.00000	0.00000	0.00000	0.00010	0.00000	0.00000	0.00000	0.00000	0.00010	0.00000	0.00000	0.00000	0.00000	0.00010	0.00000	0.00000	0.00000	0.00000	0.00010	0.00000	0.00000	0.00000	0.00000	0.00010	0.00000	0.00000	0.00000	0.00000	0.00010	0.00000	0.00000	0.00000	0.00000	0.00010	
	14. Random Excursions Test (p08)            FAIL!	p=0.00000	0.00245	0.00000	0.00000	0.00000	0.00000	0.00245	0.00000	0.00000	0.00000	0.00000	0.00245	0.00000	0.00000	0.00000	0.00000	0.00245	0.00000	0.00000	0.00000	0.00000	0.00245	0.00000	0.00000	0.00000	0.00000	0.00245	0.00000	0.00000	0.00000	0.00000	0.00245	0.00000	0.00000	0.00000	0.00000	0.00245	0.00000	0.00000	0.00000	0.00000	0.00245	0.00000	0.00000	0.00000	0.00000	0.00245	0.00000	0.00000	0.00000	0.00000	0.00245	0.00000	0.00000	0.00000	0.00000	0.00245	0.00000	0.00000	0.00000	0.00000	0.00245	0.00000	0.00000	0.00000	0.00000	0.00245	0.00000	0.00000	0.00000	0.00000	0.00245	0.00000	0.00000	0.00000	0.00000	0.00245	0.00000	0.00000	0.00000	0.00000	0.00245	0.00000	0.00000	0.00000	0.00000	0.00245	
	15. Random Excursions Variant Test (p01)    PASS!	p=0.00000	0.05143	0.00597	0.00597	0.00597	0.00597	0.05143	0.00597	0.00597	0.00597	0.00597	0.05143	0.00597	0.00597	0.00597	0.00597	0.05143	0.00597	0.00597	0.00597	0.00597	0.05143	0.00597	0.00597	0.00597	0.00597	0.05143	0.00597	0.00597	0.00597	0.00597	0.05143	0.00597	0.00597	0.00597	0.00597	0.05143	0.00597	0.00597	0.00597	0.00597	0.05143	0.00597	0.00597	0.00597	0.00597	0.05143	0.00597	0.00597	0.00597	0.00597	0.05143	0.00597	0.00597	0.00597	0.00597	0.05143	0.00597	0.00597	0.00597	0.00597	0.05143	0.00597	0.00597	0.00597	0.00597	0.05143	0.00597	0.00597	0.00597	0.00597	0.05143	0.00597	0.00597	0.00597	0.00597	0.05143	0.00597	0.00597	0.00597	0.00597	0.05143	0.00597	0.00597	0.00597	0.00597	0.05143	
	15. Random Excursions Variant Test (p02)    FAIL!	p=0.00000	0.03811	0.00342	0.00342	0.00342	0.00342	0.03811	0.00342	0.00342	0.00342	0.00342	0.03811	0.00342	0.00342	0.00342	0.00342	0.03811	0.00342	0.00342	0.00342	0.00342	0.03811	0.00342	0.00342	0.00342	0.00342	0.03811	0.00342	0.00342	0.00342	0.00342	0.03811	0.00342	0.00342	0.00342	0.00342	0.03811	0.00342	0.00342	0.00342	0.00342	0.03811	0.00342	0.00342	0.00342	0.00342	0.03811	0.00342	0.00342	0.00342	0.00342	0.03811	0.00342	0.00342	0.00342	0.00342	0.03811	0.00342	0.00342	0.00342	0.00342	0.03811	0.00342	0.00342	0.00342	0.00342	0.03811	0.00342	0.00342	0.00342	0.00342	0.03811	0.00342	0.00342	0.00342	0.00342	0.03811	0.00342	0.00342	0.00342	0.00342	0.03811	0.00342	0.00342	0.00342	0.00342	0.03811	
	15. Random Excursions Variant Test (p03)    FAIL!	p=0.00000	0.02592	0.00167	0.00167	0.00167	0.00167	0.02592	0.00167	0.00167	0.00167	0.00167	0.02592	0.00167	0.00167	0.00167	0.00167	0.02592	0.00167	0.00167	0.00167	0.00167	0.02592	0.00167	0.00167	0.00167	0.00167	0.02592	0.00167	0.00167	0.00167	0.00167	0.02592	0.00167	0.00167	0.00167	0.00167	0.02592	0.00167	0.00167	0.00167	0.00167	0.02592	0.00167	0.00167	0.00167	0.00167	0.02592	0.00167	0.00167	0.00167	0.00167	0.02592	0.00167	0.00167	0.00167	0.00167	0.02592	0.00167	0.00167	0.00167	0.00167	0.02592	0.00167	0.00167	0.00167	0.00167	0.02592	0.00167	0.00167	0.00167	0.00167	0.02592	0.00167	0.00167	0.00167	0.00167	0.02592	0.00167	0.00167	0.00167	0.00167	0.02592	0.00167	0.00167	0.00167	0.00167	0.02592	
	15. Random Excursions Variant Test (p04)    FAIL!	p=0.00000	0.01546	0.00063	0.00063	0.00063	0.00063	0.01546	0.00063	0.00063	0.00063	0.00063	0.01546	0.00063	0.00063	0.00063	0.00063	0.01546	0.00063	0.00063	0.00063	0.00063	0.01546	0.00063	0.00063	0.00063	0.00063	0.01546	0.00063	0.00063	0.00063	0.00063	0.01546	0.00063	0.00063	0.00063	0.00063	0.01546	0.00063	0.00063	0.00063	0.00063	0.01546	0.00063	0.00063	0.00063	0.00063	0.01546	0.00063	0.00063	0.00063	0.00063	0.01546	0.00063	0.00063	0.00063	0.00063	0.01546	0.00063	0.00063	0.00063	0.00063	0.01546	0.00063	0.00063	0.00063	0.00063	0.01546	0.00063	0.00063	0.00063	0.00063	0.01546	0.00063	0.00063	0.00063	0.00063	0.01546	0.00063	0.00063	0.00063	0.00063	0.01546	0.00063	0.00063	0.00063	0.00063	0.01546	
	15. Random Excursions Variant Test (p05)    FAIL!	p=0.00000	0.98344	0.00016	0.00016	0.00016	0.00016	0.98344	0.00016	0.00016	0.00016	0.00016	0.98344	0.00016	0.00016	0.00016	0.00016	0.98344	0.00016	0.00016	0.00016	0.00016	0.98344	0.00016	0.00016	0.00016	0.00016	0.98344	0.00016	0.00016	0.00016	0.00016	0.98344	0.00016	0.00016	0.00016	0.00016	0.98344	0.00016	0.00016	0.00016	0.00016	0.98344	0.00016	0.00016	0.00016	0.00016	0.98344	0.00016	0.00016	0.00016	0.00016	0.98344	0.00016	0.00016	0.00016	0.00016	0.98344	0.00016	0.00016	0.00016	0.00016	0.98344	0.00016	0.00016	0.00016	0.00016	0.98344	0.00016	0.00016	0.00016	0.00016	0.98344	0.00016	0.00016	0.00016	0.00016	0.98344	0.00016	0.00016	0.00016	0.00016	0.98344	0.00016	0.00016	0.00016	0.00016	0.98344	
	15. Random Excursions Variant Test (p06)    FAIL!	p=0.00000	0.00280	0.00002	0.00002	0.00002	0.00002	0.00280	0.00002	0.00002	0.00002	0.00002	0.00280	0.00002	0.00002	0.00002	0.00002	0.00280	0.00002	0.00002	0.00002	0.00002	0.00280	0.00002	0.00002	0.00002	0.00002	0.00280	0.00002	0.00002	0.00002	0.00002	0.00280	0.00002	0.00002	0.00002	0.00002	0.00280	0.00002	0.00002	0.00002	0.00002	0.00280	0.00002	0.00002	0.00002	0.00002	0.00280	0.00002	0.00002	0.00002	0.00002	0.00280	0.00002	0.00002	0.00002	0.00002	0.00280	0.00002	0.00002	0.00002	0.00002	0.00280	0.00002	0.00002	0.00002	0.00002	0.00280	0.00002	0.00002	0.00002	0.00002	0.00280	0.00002	0.00002	0.00002	0.00002	0.00280	0.00002	0.00002	0.00002	0.00002	0.00280	0.00002	0.00002	0.00002	0.00002	0.00280	
	15. Random Excursions Variant Test (p07)    FAIL!	p=0.00000	0.00041	0.00000	0.01094	0.01094	0.00000	0.00041	0.00000	0.01094	0.01094	0.00000	0.00041	0.00000	0.01094	0.01094	0.00000	0.00041	0.00000	0.01094	0.01094	0.00000	0.00041	0.00000	0.01094	0.01094	0.00000	0.00041	0.00000	0.01094	0.01094	0.00000	0.00041	0.00000	0.01094	0.01094	0.00000	0.00041	0.00000	0.01094	0.01094	0.00000	0.00041	0.00000	0.01094	0.01094	0.00000	0.00041	0.00000	0.01094	0.01094	0.00000	0.00041	0.00000	0.01094	0.01094	0.00000	0.00041	0.00000	0.01094	0.01094	0.00000	0.00041	0.00000	0.01094	0.01094	0.00000	0.00041	0.00000	0.01094	0.01094	0.00000	0.00041	0.00000	0.01094	0.01094	0.00000	0.00041	0.00000	0.01094	0.01094	0.00000	0.00041	0.00000	0.01094	0.01094	0.00000	0.00041	
	15. Random Excursions Variant Test (p08)    FAIL!	p=0.00000	0.00000	0.00000	0.97968	0.97968	0.00000	0.00000	0.00000	0.97968	0.97968	0.00000	0.00000	0.00000	0.97968	0.97968	0.00000	0.00000	0.00000	0.97968	0.97968	0.00000	0.00000	0.00000	0.97968	0.97968	0.00000	0.00000	0.00000	0.97968	0.97968	0.00000	0.00000	0.00000	0.97968	0.97968	0.00000	0.00000	0.00000	0.97968	0.97968	0.00000	0.00000	0.00000	0.97968	0.97968	0.00000	0.00000	0.00000	0.97968	0.97968	0.00000	0.00000	0.00000	0.97968	0.97968	0.00000	0.00000	0.00000	0.97968	0.97968	0.00000	0.00000	0.00000	0.97968	0.97968	0.00000	0.00000	0.00000	0.97968	0.97968	0.00000	0.00000	0.00000	0.97968	0.97968	0.00000	0.00000	0.00000	0.97968	0.97968	0.00000	0.00000	0.00000	0.97968	0.97968	0.00000	0.00000	
	15. Random Excursions Variant Test (p09)    FAIL!	p=0.00000	0.00000	0.00000	0.96482	0.96482	0.00000	0.00000	0.00000	0.96482	0.96482	0.00000	0.00000	0.00000	0.96482	0.96482	0.00000	0.00000	0.00000	0.96482	0.96482	0.00000	0.00000	0.00000	0.96482	0.96482	0.00000	0.00000	0.00000	0.96482	0.96482	0.00000	0.00000	0.00000	0.96482	0.96482	0.00000	0.00000	0.00000	0.96482	0.96482	0.00000	0.00000	0.00000	0.96482	0.96482	0.00000	0.00000	0.00000	0.96482	0.96482	0.00000	0.00000	0.00000	0.96482	0.96482	0.00000	0.00000	0.00000	0.96482	0.96482	0.00000	0.00000	0.00000	0.96482	0.96482	0.00000	0.00000	0.00000	0.96482	0.96482	0.00000	0.00000	0.00000	0.96482	0.96482	0.00000	0.00000	0.00000	0.96482	0.96482	0.00000	0.00000	0.00000	0.96482	0.96482	0.00000	0.00000	
	15. Random Excursions Variant Test (p10)    FAIL!	p=0.00000	0.00000	0.96482	0.96482	0.96482	0.96482	0.00000	0.96482	0.96482	0.96482	0.96482	0.00000	0.96482	0.96482	0.96482	0.96482	0.00000	0.96482	0.96482	0.96482	0.96482	0.00000	0.96482	0.96482	0.96482	0.96482	0.00000	0.96482	0.96482	0.96482	0.96482	0.00000	0.96482	0.96482	0.96482	0.96482	0.00000	0.96482	0.96482	0.96482	0.96482	0.00000	0.96482	0.96482	0.96482	0.96482	0.00000	0.96482	0.96482	0.96482	0.96482	0.00000	0.96482	0.96482	0.96482	0.96482	0.00000	0.96482	0.96482	0.96482	0.96482	0.00000	0.96482	0.96482	0.96482	0.96482	0.00000	0.96482	0.96482	0.96482	0.96482	0.00000	0.96482	0.96482	0.96482	0.96482	0.00000	0.96482	0.96482	0.96482	0.96482	0.00000	0.96482	0.96482	0.96482	0.96482	0.00000	
	15. Random Excursions Variant Test (p11)    FAIL!	p=0.00000	0.00000	0.97968	0.00102	0.00102	0.97968	0.00000	0.97968	0.00102	0.00102	0.97968	0.00000	0.97968	0.00102	0.00102	0.97968	0.00000	0.97968	0.00102	0.00102	0.97968	0.00000	0.97968	0.00102	0.00102	0.97968	0.00000	0.97968	0.00102	0.00102	0.97968	0.00000	0.97968	0.00102	0.00102	0.97968	0.00000	0.97968	0.00102	0.00102	0.97968	0.00000	0.97968	0.00102	0.00102	0.97968	0.00000	0.97968	0.00102	0.00102	0.97968	0.00000	0.97968	0.00102	0.00102	0.97968	0.00000	0.97968	0.00102	0.00102	0.97968	0.00000	0.97968	0.00102	0.00102	0.97968	0.00000	0.97968	0.00102	0.00102	0.97968	0.00000	0.97968	0.00102	0.00102	0.97968	0.00000	0.97968	0.00102	0.00102	0.97968	0.00000	0.97968	0.00102	0.00102	0.97968	0.00000	
	15. Random Excursions Variant Test (p12)    FAIL!	p=0.00000	0.00033	0.98426	0.00000	0.00000	0.98426	0.00033	0.98426	0.00000	0.00000	0.98426	0.00033	0.98426	0.00000	0.00000	0.98426	0.00033	0.98426	0.00000	0.00000	0.98426	0.00033	0.98426	0.00000	0.00000	0.98426	0.00033	0.98426	0.00000	0.00000	0.98426	0.00033	0.98426	0.00000	0.00000	0.98426	0.00033	0.98426	0.00000	0.00000	0.98426	0.00033	0.98426	0.00000	0.00000	0.98426	0.00033	0.98426	0.00000	0.00000	0.98426	0.00033	0.98426	0.00000	0.00000	0.98426	0.00033	0.98426	0.00000	0.00000	0.98426	0.00033	0.98426	0.00000	0.00000	0.98426	0.00033	0.98426	0.00000	0.00000	0.98426	0.00033	0.98426	0.00000	0.00000	0.98426	0.00033	0.98426	0.00000	0.00000	0.98426	0.00033	0.98426	0.00000	0.00000	0.98426	0.00033	
	15. Random Excursions Variant Test (p13)    FAIL!	p=0.00000	0.00240	0.03151	0.00002	0.00002	0.03151	0.00240	0.03151	0.00002	0.00002	0.03151	0.00240	0.03151	0.00002	0.00002	0.03151	0.00240	0.03151	0.00002	0.00002	0.03151	0.00240	0.03151	0.00002	0.00002	0.03151	0.00240	0.03151	0.00002	0.00002	0.03151	0.00240	0.03151	0.00002	0.00002	0.03151	0.00240	0.03151	0.00002	0.00002	0.03151	0.00240	0.03151	0.00002	0.00002	0.03151	0.00240	0.03151	0.00002	0.00002	0.03151	0.00240	0.03151	0.00002	0.00002	0.03151	0.00240	0.03151	0.00002	0.00002	0.03151	0.00240	0.03151	0.00002	0.00002	0.03151	0.00240	0.03151	0.00002	0.00002	0.03151	0.00240	0.03151	0.00002	0.00002	0.03151	0.00240	0.03151	0.00002	0.00002	0.03151	0.00240	0.03151	0.00002	0.00002	0.03151	0.00240	
	15. Random Excursions Variant Test (p14)    FAIL!	p=0.00000	0.00743	0.00016	0.00016	0.00016	0.00016	0.00743	0.00016	0.00016	0.00016	0.00016	0.00743	0.00016	0.00016	0.00016	0.00016	0.00743	0.00016	0.00016	0.00016	0.00016	0.00743	0.00016	0.00016	0.00016	0.00016	0.00743	0.00016	0.00016	0.00016	0.00016	0.00743	0.00016	0.00016	0.00016	0.00016	0.00743	0.00016	0.00016	0.00016	0.00016	0.00743	0.00016	0.00016	0.00016	0.00016	0.00743	0.00016	0.00016	0.00016	0.00016	0.00743	0.00016	0.00016	0.00016	0.00016	0.00743	0.00016	0.00016	0.00016	0.00016	0.00743	0.00016	0.00016	0.00016	0.00016	0.00743	0.00016	0.00016	0.00016	0.00016	0.00743	0.00016	0.00016	0.00016	0.00016	0.00743	0.00016	0.00016	0.00016	0.00016	0.00743	0.00016	0.00016	0.00016	0.00016	0.00743	
	15. Random Excursions Variant Test (p15)    FAIL!	p=0.00000	0.01546	0.00063	0.00063	0.00063	0.00063	0.01546	0.00063	0.00063	0.00063	0.00063	0.01546	0.00063	0.00063	0.00063	0.00063	0.01546	0.00063	0.00063	0.00063	0.00063	0.01546	0.00063	0.00063	0.00063	0.00063	0.01546	0.00063	0.00063	0.00063	0.00063	0.01546	0.00063	0.00063	0.00063	0.00063	0.01546	0.00063	0.00063	0.00063	0.00063	0.01546	0.00063	0.00063	0.00063	0.00063	0.01546	0.00063	0.00063	0.00063	0.00063	0.01546	0.00063	0.00063	0.00063	0.00063	0.01546	0.00063	0.00063	0.00063	0.00063	0.01546	0.00063	0.00063	0.00063	0.00063	0.01546	0.00063	0.00063	0.00063	0.00063	0.01546	0.00063	0.00063	0.00063	0.00063	0.01546	0.00063	0.00063	0.00063	0.00063	0.01546	0.00063	0.00063	0.00063	0.00063	0.01546	
	15. Random Excursions Variant Test (p16)    FAIL!	p=0.00000	0.02592	0.00167	0.00167	0.00167	0.00167	0.02592	0.00167	0.00167	0.00167	0.00167	0.02592	0.00167	0.00167	0.00167	0.00167	0.02592	0.00167	0.00167	0.00167	0.00167	0.02592	0.00167	0.00167	0.00167	0.00167	0.02592	0.00167	0.00167	0.00167	0.00167	0.02592	0.00167	0.00167	0.00167	0.00167	0.02592	0.00167	0.00167	0.00167	0.00167	0.02592	0.00167	0.00167	0.00167	0.00167	0.02592	0.00167	0.00167	0.00167	0.00167	0.02592	0.00167	0.00167	0.00167	0.00167	0.02592	0.00167	0.00167	0.00167	0.00167	0.02592	0.00167	0.00167	0.00167	0.00167	0.02592	0.00167	0.00167	0.00167	0.00167	0.02592	0.00167	0.00167	0.00167	0.00167	0.02592	0.00167	0.00167	0.00167	0.00167	0.02592	0.00167	0.00167	0.00167	0.00167	0.02592	
	15. Random Excursions Variant Test (p17)    FAIL!	p=0.00000	0.03811	0.00342	0.00342	0.00342	0.00342	0.03811	0.00342	0.00342	0.00342	0.00342	0.03811	0.00342	0.00342	0.00342	0.00342	0.03811	0.00342	0.00342	0.00342	0.00342	0.03811	0.00342	0.00342	0.00342	0.00342	0.03811	0.00342	0.00342	0.00342	0.00342	0.03811	0.00342	0.00342	0.00342	0.00342	0.03811	0.00342	0.00342	0.00342	0.00342	0.03811	0.00342	0.00342	0.00342	0.00342	0.03811	0.00342	0.00342	0.00342	0.00342	0.03811	0.00342	0.00342	0.00342	0.00342	0.03811	0.00342	0.00342	0.00342	0.00342	0.03811	0.00342	0.00342	0.00342	0.00342	0.03811	0.00342	0.00342	0.00342	0.00342	0.03811	0.00342	0.00342	0.00342	0.00342	0.03811	0.00342	0.00342	0.00342	0.00342	0.03811	0.00342	0.00342	0.00342	0.00342	0.03811	
	15. Random Excursions Variant Test (p18)    PASS!	p=0.00000	0.05143	0.00597	0.00597	0.00597	0.00597	0.05143	0.00597	0.00597	0.00597	0.00597	0.05143	0.00597	0.00597	0.00597	0.00597	0.05143	0.00597	0.00597	0.00597	0.00597	0.05143	0.00597	0.00597	0.00597	0.00597	0.05143	0.00597	0.00597	0.00597	0.00597	0.05143	0.00597	0.00597	0.00597	0.00597	0.05143	0.00597	0.00597	0.00597	0.00597	0.05143	0.00597	0.00597	0.00597	0.00597	0.05143	0.00597	0.00597	0.00597	0.00597	0.05143	0.00597	0.00597	0.00597	0.00597	0.05143	0.00597	0.00597	0.00597	0.00597	0.05143	0.00597	0.00597	0.00597	0.00597	0.05143	0.00597	0.00597	0.00597	0.00597	0.05143	0.00597	0.00597	0.00597	0.00597	0.05143	0.00597	0.00597	0.00597	0.00597	0.05143	0.00597	0.00597	0.00597	0.00597	0.05143	

	Running discretize based tests on close 

                                                                    ~1928	~1929	~1930	~1931	~1932	~1933	~1934	~1935	~1936	~1937	~1938	~1939	~1940	~1941	~1942	~1943	~1944	~1945	~1946	~1947	~1948	~1949	~1950	~1951	~1952	~1953	~1954	~1955	~1956	~1957	~1958	~1959	~1960	~1961	~1962	~1963	~1964	~1965	~1966	~1967	~1968	~1969	~1970	~1971	~1972	~1973	~1974	~1975	~1976	~1977	~1978	~1979	~1980	~1981	~1982	~1983	~1984	~1985	~1986	~1987	~1988	~1989	~1990	~1991	~1992	~1993	~1994	~1995	~1996	~1997	~1998	~1999	~2000	~2001	~2002	~2003	~2004	~2005	~2006	~2007	~2008	~2009	~2010	~2011	~2012	~2013	
	01. Monobit Test                            FAIL!	p=0.00000	0.00000	0.00000	0.00000	0.00000	0.00000	0.00000	0.00000	0.00000	0.00000	0.00000	0.00000	0.00000	0.00000	0.00000	0.00000	0.00000	0.00000	0.00000	0.00000	0.00000	0.00000	0.00000	0.00000	0.00000	0.00000	0.00000	0.00000	0.00000	0.00000	0.00000	0.00000	0.00000	0.00000	0.00000	0.00000	0.00000	0.00000	0.00000	0.00000	0.00000	0.00000	0.00000	0.00000	0.00000	0.00000	0.00000	0.00000	0.00000	0.00000	0.00000	0.00000	0.00000	0.00000	0.00000	0.00000	0.00000	0.00000	0.00000	0.00000	0.00000	0.00000	0.00000	0.00000	0.00000	0.00000	0.00000	0.00000	0.00000	0.00000	0.00000	0.00000	0.00000	0.00000	0.00000	0.00000	0.00000	0.00000	0.00000	0.00000	0.00000	0.00000	0.00000	0.00000	0.00000	0.00000	0.00000	
	02. Block Frequency Test                    FAIL!	p=0.00000	0.00000	0.00000	0.00000	0.00000	0.00000	0.00000	0.00000	0.00000	0.00000	0.00000	0.00000	0.00000	0.00000	0.00000	0.00000	0.00000	0.00000	0.00000	0.00000	0.00000	0.00000	0.00000	0.00000	0.00000	0.00000	0.00000	0.00000	0.00000	0.00000	0.00000	0.00000	0.00000	0.00000	0.00000	0.00000	0.00000	0.00000	0.00000	0.00000	0.00000	0.00000	0.00000	0.00000	0.00000	0.00000	0.00000	0.00000	0.00000	0.00000	0.00000	0.00000	0.00000	0.00000	0.00000	0.00000	0.00000	0.00000	0.00000	0.00000	0.00000	0.00000	0.00000	0.00000	0.00000	0.00000	0.00000	0.00000	0.00000	0.00000	0.00000	0.00000	0.00000	0.00000	0.00000	0.00000	0.00000	0.00000	0.00000	0.00000	0.00000	0.00000	0.00000	0.00000	0.00000	0.00000	0.00000	
	03. Independent Runs Test                   FAIL!	p=0.00000	0.00000	0.00000	0.00000	0.00000	0.00000	0.00000	0.00000	0.00000	0.00000	0.00000	0.00000	0.00000	0.00000	0.00000	0.00000	0.00000	0.00000	0.00000	0.00000	0.00000	0.00000	0.00000	0.00000	0.00000	0.00000	0.00000	0.00000	0.00000	0.00000	0.00000	0.00000	0.00000	0.00000	0.00000	0.00000	0.00000	0.00000	0.00000	0.00000	0.00000	0.00000	0.00000	0.00000	0.00000	0.00000	0.00000	0.00000	0.00000	0.00000	0.00000	0.00000	0.00000	0.00000	0.00000	0.00000	0.00000	0.00000	0.00000	0.00000	0.00000	0.00000	0.00000	0.00000	0.00000	0.00000	0.00000	0.00000	0.00000	0.00000	0.00000	0.00000	0.00000	0.00000	0.00000	0.00000	0.00000	0.00000	0.00000	0.00000	0.00000	0.00000	0.00000	0.00000	0.00000	0.00000	0.00000	
	04. Longest Runs Test                       FAIL!	p=0.00000	0.00000	0.00000	0.00000	0.00000	0.00000	0.00000	0.00000	0.00000	0.00000	0.00000	0.00000	0.00000	0.00000	0.00000	0.00000	0.00000	0.00000	0.00000	0.00000	0.00000	0.00000	0.00000	0.00000	0.00000	0.00000	0.00000	0.00000	0.00000	0.00000	0.00000	0.00000	0.00000	0.00000	0.00000	0.00000	0.00000	0.00000	0.00000	0.00000	0.00000	0.00000	0.00000	0.00000	0.00000	0.00000	0.00000	0.00000	0.00000	0.00000	0.00000	0.00000	0.00000	0.00000	0.00000	0.00000	0.00000	0.00000	0.00000	0.00000	0.00000	0.00000	0.00000	0.00000	0.00000	0.00000	0.00000	0.00000	0.00000	0.00000	0.00000	0.00000	0.00000	0.00000	0.00000	0.00000	0.00000	0.00000	0.00000	0.00000	0.00000	0.00000	0.00000	0.00000	0.00000	0.00000	0.00000	
	05. Matrix Rank Test                        FAIL!	p=0.00000	0.00000	0.00000	0.00000	0.00000	0.00000	0.00000	0.00000	0.00000	0.00000	0.00000	0.00000	0.00000	0.00000	0.00000	0.00000	0.00000	0.00000	0.00000	0.00000	0.00000	0.00000	0.00000	0.00000	0.00000	0.00000	0.00000	0.00000	0.00000	0.00000	0.00000	0.00000	0.00000	0.00000	0.00000	0.00000	0.00000	0.00000	0.00000	0.00000	0.00000	0.00000	0.00000	0.00000	0.00000	0.00000	0.00000	0.00000	0.00000	0.00000	0.00000	0.00000	0.00000	0.00000	0.00000	0.00000	0.00000	0.00000	0.00000	0.00000	0.00000	0.00000	0.00000	0.00000	0.00000	0.00000	0.00000	0.00000	0.00000	0.00000	0.00000	0.00000	0.00000	0.00000	0.00000	0.00000	0.00000	0.00000	0.00000	0.00000	0.00000	0.00000	0.00000	0.00000	0.00000	0.00000	0.00000	
	06. Spectral Test                           FAIL!	p=0.00000	0.00000	0.00000	0.00000	0.00000	0.00000	0.00000	0.00000	0.00000	0.00000	0.00000	0.00000	0.00000	0.00000	0.00000	0.00000	0.00000	0.00000	0.00000	0.00000	0.00000	0.00000	0.00000	0.00000	0.00000	0.00000	0.00000	0.00000	0.00000	0.00000	0.00000	0.00000	0.00000	0.00000	0.00000	0.00000	0.00000	0.00000	0.00000	0.00000	0.00000	0.00000	0.00000	0.00000	0.00000	0.00000	0.00000	0.00000	0.00000	0.00000	0.00000	0.00000	0.00000	0.00000	0.00000	0.00000	0.00000	0.00000	0.00000	0.00000	0.00000	0.00000	0.00000	0.00000	0.00000	0.00000	0.00000	0.00000	0.00000	0.00000	0.00000	0.00000	0.00000	0.00000	0.00000	0.00000	0.00000	0.00000	0.00000	0.00000	0.00000	0.00000	0.00000	0.00000	0.00000	0.00000	0.00000	
	07. Non Overlapping Patterns Test           PASS!	p=0.00000	0.77973	0.77973	0.77973	0.77973	0.77973	0.77973	0.77973	0.77973	0.77973	0.77973	0.77973	0.77973	0.77973	0.77973	0.77973	0.77973	0.77973	0.77973	0.77973	0.77973	0.77973	0.77973	0.77973	0.77973	0.77973	0.77973	0.77973	0.77973	0.77973	0.77973	0.77973	0.77973	0.77973	0.77973	0.77973	0.77973	0.77973	0.77973	0.77973	0.77973	0.77973	0.77973	0.77973	0.77973	0.77973	0.77973	0.77973	0.77973	0.77973	0.77973	0.77973	0.77973	0.77973	0.77973	0.77973	0.77973	0.77973	0.77973	0.77973	0.77973	0.77973	0.77973	0.77973	0.77973	0.77973	0.77973	0.77973	0.77973	0.77973	0.77973	0.77973	0.77973	0.77973	0.77973	0.77973	0.77973	0.77973	0.77973	0.77973	0.77973	0.77973	0.77973	0.77973	0.77973	0.77973	0.77973	
	08. Overlapping Patterns Test               FAIL!	p=0.00000	0.00000	0.00000	0.00000	0.00000	0.00000	0.00000	0.00000	0.00000	0.00000	0.00000	0.00000	0.00000	0.00000	0.00000	0.00000	0.00000	0.00000	0.00000	0.00000	0.00000	0.00000	0.00000	0.00000	0.00000	0.00000	0.00000	0.00000	0.00000	0.00000	0.00000	0.00000	0.00000	0.00000	0.00000	0.00000	0.00000	0.00000	0.00000	0.00000	0.00000	0.00000	0.00000	0.00000	0.00000	0.00000	0.00000	0.00000	0.00000	0.00000	0.00000	0.00000	0.00000	0.00000	0.00000	0.00000	0.00000	0.00000	0.00000	0.00000	0.00000	0.00000	0.00000	0.00000	0.00000	0.00000	0.00000	0.00000	0.00000	0.00000	0.00000	0.00000	0.00000	0.00000	0.00000	0.00000	0.00000	0.00000	0.00000	0.00000	0.00000	0.00000	0.00000	0.00000	0.00000	0.00000	0.00000	
	09. Universal Test                          SKIP!	p=SKIPPED	-1.0000	-1.0000	-1.0000	-1.0000	-1.0000	-1.0000	-1.0000	-1.0000	-1.0000	-1.0000	-1.0000	-1.0000	-1.0000	-1.0000	-1.0000	-1.0000	-1.0000	-1.0000	-1.0000	-1.0000	-1.0000	-1.0000	-1.0000	-1.0000	-1.0000	-1.0000	-1.0000	-1.0000	-1.0000	-1.0000	-1.0000	-1.0000	-1.0000	-1.0000	-1.0000	-1.0000	-1.0000	-1.0000	-1.0000	-1.0000	-1.0000	-1.0000	-1.0000	-1.0000	-1.0000	-1.0000	-1.0000	-1.0000	-1.0000	-1.0000	-1.0000	-1.0000	-1.0000	-1.0000	-1.0000	-1.0000	-1.0000	-1.0000	-1.0000	-1.0000	-1.0000	-1.0000	-1.0000	-1.0000	-1.0000	-1.0000	-1.0000	-1.0000	-1.0000	-1.0000	-1.0000	-1.0000	-1.0000	-1.0000	-1.0000	-1.0000	-1.0000	-1.0000	-1.0000	-1.0000	-1.0000	-1.0000	-1.0000	-1.0000	-1.0000	-1.0000	
	10. Linear Complexity Test                  FAIL!	p=0.00000	0.00000	0.00000	0.00000	0.00000	0.00000	0.00000	0.00000	0.00000	0.00000	0.00000	0.00000	0.00000	0.00000	0.00000	0.00000	0.00000	0.00000	0.00000	0.00000	0.00000	0.00000	0.00000	0.00000	0.00000	0.00000	0.00000	0.00000	0.00000	0.00000	0.00000	0.00000	0.00000	0.00000	0.00000	0.00000	0.00000	0.00000	0.00000	0.00000	0.00000	0.00000	0.00000	0.00000	0.00000	0.00000	0.00000	0.00000	0.00000	0.00000	0.00000	0.00000	0.00000	0.00000	0.00000	0.00000	0.00000	0.00000	0.00000	0.00000	0.00000	0.00000	0.00000	0.00000	0.00000	0.00000	0.00000	0.00000	0.00000	0.00000	0.00000	0.00000	0.00000	0.00000	0.00000	0.00000	0.00000	0.00000	0.00000	0.00000	0.00000	0.00000	0.00000	0.00000	0.00000	0.00000	0.00000	
	11. Serial Test (p01)                       FAIL!	p=0.00000	0.00000	0.00000	0.00000	0.00000	0.00000	0.00000	0.00000	0.00000	0.00000	0.00000	0.00000	0.00000	0.00000	0.00000	0.00000	0.00000	0.00000	0.00000	0.00000	0.00000	0.00000	0.00000	0.00000	0.00000	0.00000	0.00000	0.00000	0.00000	0.00000	0.00000	0.00000	0.00000	0.00000	0.00000	0.00000	0.00000	0.00000	0.00000	0.00000	0.00000	0.00000	0.00000	0.00000	0.00000	0.00000	0.00000	0.00000	0.00000	0.00000	0.00000	0.00000	0.00000	0.00000	0.00000	0.00000	0.00000	0.00000	0.00000	0.00000	0.00000	0.00000	0.00000	0.00000	0.00000	0.00000	0.00000	0.00000	0.00000	0.00000	0.00000	0.00000	0.00000	0.00000	0.00000	0.00000	0.00000	0.00000	0.00000	0.00000	0.00000	0.00000	0.00000	0.00000	0.00000	0.00000	0.00000	
	11. Serial Test (p02)                       FAIL!	p=0.00000	0.00000	0.00000	0.00000	0.00000	0.00000	0.00000	0.00000	0.00000	0.00000	0.00000	0.00000	0.00000	0.00000	0.00000	0.00000	0.00000	0.00000	0.00000	0.00000	0.00000	0.00000	0.00000	0.00000	0.00000	0.00000	0.00000	0.00000	0.00000	0.00000	0.00000	0.00000	0.00000	0.00000	0.00000	0.00000	0.00000	0.00000	0.00000	0.00000	0.00000	0.00000	0.00000	0.00000	0.00000	0.00000	0.00000	0.00000	0.00000	0.00000	0.00000	0.00000	0.00000	0.00000	0.00000	0.00000	0.00000	0.00000	0.00000	0.00000	0.00000	0.00000	0.00000	0.00000	0.00000	0.00000	0.00000	0.00000	0.00000	0.00000	0.00000	0.00000	0.00000	0.00000	0.00000	0.00000	0.00000	0.00000	0.00000	0.00000	0.00000	0.00000	0.00000	0.00000	0.00000	0.00000	0.00000	
	12. Approximate Entropy Test                FAIL!	p=0.00000	0.00000	0.00000	0.00000	0.00000	0.00000	0.00000	0.00000	0.00000	0.00000	0.00000	0.00000	0.00000	0.00000	0.00000	0.00000	0.00000	0.00000	0.00000	0.00000	0.00000	0.00000	0.00000	0.00000	0.00000	0.00000	0.00000	0.00000	0.00000	0.00000	0.00000	0.00000	0.00000	0.00000	0.00000	0.00000	0.00000	0.00000	0.00000	0.00000	0.00000	0.00000	0.00000	0.00000	0.00000	0.00000	0.00000	0.00000	0.00000	0.00000	0.00000	0.00000	0.00000	0.00000	0.00000	0.00000	0.00000	0.00000	0.00000	0.00000	0.00000	0.00000	0.00000	0.00000	0.00000	0.00000	0.00000	0.00000	0.00000	0.00000	0.00000	0.00000	0.00000	0.00000	0.00000	0.00000	0.00000	0.00000	0.00000	0.00000	0.00000	0.00000	0.00000	0.00000	0.00000	0.00000	0.00000	
	13. Cumulative Sums Test (Forward)          PASS!	p=0.00000	1.00000	1.00000	1.00000	1.00000	1.00000	1.00000	1.00000	1.00000	1.00000	1.00000	1.00000	1.00000	1.00000	1.00000	1.00000	1.00000	1.00000	1.00000	1.00000	1.00000	1.00000	1.00000	1.00000	1.00000	1.00000	1.00000	1.00000	1.00000	1.00000	1.00000	1.00000	1.00000	1.00000	1.00000	1.00000	1.00000	1.00000	1.00000	1.00000	1.00000	1.00000	1.00000	1.00000	1.00000	1.00000	1.00000	1.00000	1.00000	1.00000	1.00000	1.00000	1.00000	1.00000	1.00000	1.00000	1.00000	1.00000	1.00000	1.00000	1.00000	1.00000	1.00000	1.00000	1.00000	1.00000	1.00000	1.00000	1.00000	1.00000	1.00000	1.00000	1.00000	1.00000	1.00000	1.00000	1.00000	1.00000	1.00000	1.00000	1.00000	1.00000	1.00000	1.00000	1.00000	1.00000	1.00000	
	13. Cumulative Sums Test (Backward)         PASS!	p=0.00000	1.00000	1.00000	1.00000	1.00000	1.00000	1.00000	1.00000	1.00000	1.00000	1.00000	1.00000	1.00000	1.00000	1.00000	1.00000	1.00000	1.00000	1.00000	1.00000	1.00000	1.00000	1.00000	1.00000	1.00000	1.00000	1.00000	1.00000	1.00000	1.00000	1.00000	1.00000	1.00000	1.00000	1.00000	1.00000	1.00000	1.00000	1.00000	1.00000	1.00000	1.00000	1.00000	1.00000	1.00000	1.00000	1.00000	1.00000	1.00000	1.00000	1.00000	1.00000	1.00000	1.00000	1.00000	1.00000	1.00000	1.00000	1.00000	1.00000	1.00000	1.00000	1.00000	1.00000	1.00000	1.00000	1.00000	1.00000	1.00000	1.00000	1.00000	1.00000	1.00000	1.00000	1.00000	1.00000	1.00000	1.00000	1.00000	1.00000	1.00000	1.00000	1.00000	1.00000	1.00000	1.00000	1.00000	
	14. Random Excursions Test (p01)            PASS!	p=0.00000	0.99961	0.99961	0.99961	0.99961	0.99961	0.99961	0.99961	0.99961	0.99961	0.99961	0.99961	0.99961	0.99961	0.99961	0.99961	0.99961	0.99961	0.99961	0.99961	0.99961	0.99961	0.99961	0.99961	0.99961	0.99961	0.99961	0.99961	0.99961	0.99961	0.99961	0.99961	0.99961	0.99961	0.99961	0.99961	0.99961	0.99961	0.99961	0.99961	0.99961	0.99961	0.99961	0.99961	0.99961	0.99961	0.99961	0.99961	0.99961	0.99961	0.99961	0.99961	0.99961	0.99961	0.99961	0.99961	0.99961	0.99961	0.99961	0.99961	0.99961	0.99961	0.99961	0.99961	0.99961	0.99961	0.99961	0.99961	0.99961	0.99961	0.99961	0.99961	0.99961	0.99961	0.99961	0.99961	0.99961	0.99961	0.99961	0.99961	0.99961	0.99961	0.99961	0.99961	0.99961	0.99961	0.99961	
	14. Random Excursions Test (p02)            PASS!	p=0.00000	0.99911	0.99911	0.99911	0.99911	0.99911	0.99911	0.99911	0.99911	0.99911	0.99911	0.99911	0.99911	0.99911	0.99911	0.99911	0.99911	0.99911	0.99911	0.99911	0.99911	0.99911	0.99911	0.99911	0.99911	0.99911	0.99911	0.99911	0.99911	0.99911	0.99911	0.99911	0.99911	0.99911	0.99911	0.99911	0.99911	0.99911	0.99911	0.99911	0.99911	0.99911	0.99911	0.99911	0.99911	0.99911	0.99911	0.99911	0.99911	0.99911	0.99911	0.99911	0.99911	0.99911	0.99911	0.99911	0.99911	0.99911	0.99911	0.99911	0.99911	0.99911	0.99911	0.99911	0.99911	0.99911	0.99911	0.99911	0.99911	0.99911	0.99911	0.99911	0.99911	0.99911	0.99911	0.99911	0.99911	0.99911	0.99911	0.99911	0.99911	0.99911	0.99911	0.99911	0.99911	0.99911	0.99911	
	14. Random Excursions Test (p03)            PASS!	p=0.00000	0.99697	0.99697	0.99697	0.99697	0.99697	0.99697	0.99697	0.99697	0.99697	0.99697	0.99697	0.99697	0.99697	0.99697	0.99697	0.99697	0.99697	0.99697	0.99697	0.99697	0.99697	0.99697	0.99697	0.99697	0.99697	0.99697	0.99697	0.99697	0.99697	0.99697	0.99697	0.99697	0.99697	0.99697	0.99697	0.99697	0.99697	0.99697	0.99697	0.99697	0.99697	0.99697	0.99697	0.99697	0.99697	0.99697	0.99697	0.99697	0.99697	0.99697	0.99697	0.99697	0.99697	0.99697	0.99697	0.99697	0.99697	0.99697	0.99697	0.99697	0.99697	0.99697	0.99697	0.99697	0.99697	0.99697	0.99697	0.99697	0.99697	0.99697	0.99697	0.99697	0.99697	0.99697	0.99697	0.99697	0.99697	0.99697	0.99697	0.99697	0.99697	0.99697	0.99697	0.99697	0.99697	0.99697	
	14. Random Excursions Test (p04)            PASS!	p=0.00000	0.96257	0.96257	0.96257	0.96257	0.96257	0.96257	0.96257	0.96257	0.96257	0.96257	0.96257	0.96257	0.96257	0.96257	0.96257	0.96257	0.96257	0.96257	0.96257	0.96257	0.96257	0.96257	0.96257	0.96257	0.96257	0.96257	0.96257	0.96257	0.96257	0.96257	0.96257	0.96257	0.96257	0.96257	0.96257	0.96257	0.96257	0.96257	0.96257	0.96257	0.96257	0.96257	0.96257	0.96257	0.96257	0.96257	0.96257	0.96257	0.96257	0.96257	0.96257	0.96257	0.96257	0.96257	0.96257	0.96257	0.96257	0.96257	0.96257	0.96257	0.96257	0.96257	0.96257	0.96257	0.96257	0.96257	0.96257	0.96257	0.96257	0.96257	0.96257	0.96257	0.96257	0.96257	0.96257	0.96257	0.96257	0.96257	0.96257	0.96257	0.96257	0.96257	0.96257	0.96257	0.96257	0.96257	
	14. Random Excursions Test (p05)            PASS!	p=0.00000	0.69999	0.69999	0.69999	0.69999	0.69999	0.69999	0.69999	0.69999	0.69999	0.69999	0.69999	0.69999	0.69999	0.69999	0.69999	0.69999	0.69999	0.69999	0.69999	0.69999	0.69999	0.69999	0.69999	0.69999	0.69999	0.69999	0.69999	0.69999	0.69999	0.69999	0.69999	0.69999	0.69999	0.69999	0.69999	0.69999	0.69999	0.69999	0.69999	0.69999	0.69999	0.69999	0.69999	0.69999	0.69999	0.69999	0.69999	0.69999	0.69999	0.69999	0.69999	0.69999	0.69999	0.69999	0.69999	0.69999	0.69999	0.69999	0.69999	0.69999	0.69999	0.69999	0.69999	0.69999	0.69999	0.69999	0.69999	0.69999	0.69999	0.69999	0.69999	0.69999	0.69999	0.69999	0.69999	0.69999	0.69999	0.69999	0.69999	0.69999	0.69999	0.69999	0.69999	0.69999	0.69999	0.69999	
	14. Random Excursions Test (906)            PASS!	p=0.00000	0.01036	0.01036	0.01036	0.01036	0.01036	0.01036	0.01036	0.01036	0.01036	0.01036	0.01036	0.01036	0.01036	0.01036	0.01036	0.01036	0.01036	0.01036	0.01036	0.01036	0.01036	0.01036	0.01036	0.01036	0.01036	0.01036	0.01036	0.01036	0.01036	0.01036	0.01036	0.01036	0.01036	0.01036	0.01036	0.01036	0.01036	0.01036	0.01036	0.01036	0.01036	0.01036	0.01036	0.01036	0.01036	0.01036	0.01036	0.01036	0.01036	0.01036	0.01036	0.01036	0.01036	0.01036	0.01036	0.01036	0.01036	0.01036	0.01036	0.01036	0.01036	0.01036	0.01036	0.01036	0.01036	0.01036	0.01036	0.01036	0.01036	0.01036	0.01036	0.01036	0.01036	0.01036	0.01036	0.01036	0.01036	0.01036	0.01036	0.01036	0.01036	0.01036	0.01036	0.01036	0.01036	0.01036	
	14. Random Excursions Test (p07)            FAIL!	p=0.00000	0.00000	0.00000	0.00000	0.00000	0.00000	0.00000	0.00000	0.00000	0.00000	0.00000	0.00000	0.00000	0.00000	0.00000	0.00000	0.00000	0.00000	0.00000	0.00000	0.00000	0.00000	0.00000	0.00000	0.00000	0.00000	0.00000	0.00000	0.00000	0.00000	0.00000	0.00000	0.00000	0.00000	0.00000	0.00000	0.00000	0.00000	0.00000	0.00000	0.00000	0.00000	0.00000	0.00000	0.00000	0.00000	0.00000	0.00000	0.00000	0.00000	0.00000	0.00000	0.00000	0.00000	0.00000	0.00000	0.00000	0.00000	0.00000	0.00000	0.00000	0.00000	0.00000	0.00000	0.00000	0.00000	0.00000	0.00000	0.00000	0.00000	0.00000	0.00000	0.00000	0.00000	0.00000	0.00000	0.00000	0.00000	0.00000	0.00000	0.00000	0.00000	0.00000	0.00000	0.00000	0.00000	0.00000	
	14. Random Excursions Test (p08)            FAIL!	p=0.00000	0.00000	0.00000	0.00000	0.00000	0.00000	0.00000	0.00000	0.00000	0.00000	0.00000	0.00000	0.00000	0.00000	0.00000	0.00000	0.00000	0.00000	0.00000	0.00000	0.00000	0.00000	0.00000	0.00000	0.00000	0.00000	0.00000	0.00000	0.00000	0.00000	0.00000	0.00000	0.00000	0.00000	0.00000	0.00000	0.00000	0.00000	0.00000	0.00000	0.00000	0.00000	0.00000	0.00000	0.00000	0.00000	0.00000	0.00000	0.00000	0.00000	0.00000	0.00000	0.00000	0.00000	0.00000	0.00000	0.00000	0.00000	0.00000	0.00000	0.00000	0.00000	0.00000	0.00000	0.00000	0.00000	0.00000	0.00000	0.00000	0.00000	0.00000	0.00000	0.00000	0.00000	0.00000	0.00000	0.00000	0.00000	0.00000	0.00000	0.00000	0.00000	0.00000	0.00000	0.00000	0.00000	0.00000	
	15. Random Excursions Variant Test (p01)    PASS!	p=0.00000	0.86383	0.86383	0.86383	0.86383	0.86383	0.86383	0.86383	0.86383	0.86383	0.86383	0.86383	0.86383	0.86383	0.86383	0.86383	0.86383	0.86383	0.86383	0.86383	0.86383	0.86383	0.86383	0.86383	0.86383	0.86383	0.86383	0.86383	0.86383	0.86383	0.86383	0.86383	0.86383	0.86383	0.86383	0.86383	0.86383	0.86383	0.86383	0.86383	0.86383	0.86383	0.86383	0.86383	0.86383	0.86383	0.86383	0.86383	0.86383	0.86383	0.86383	0.86383	0.86383	0.86383	0.86383	0.86383	0.86383	0.86383	0.86383	0.86383	0.86383	0.86383	0.86383	0.86383	0.86383	0.86383	0.86383	0.86383	0.86383	0.86383	0.86383	0.86383	0.86383	0.86383	0.86383	0.86383	0.86383	0.86383	0.86383	0.86383	0.86383	0.86383	0.86383	0.86383	0.86383	0.86383	0.86383	
	15. Random Excursions Variant Test (p02)    PASS!	p=0.00000	0.85513	0.85513	0.85513	0.85513	0.85513	0.85513	0.85513	0.85513	0.85513	0.85513	0.85513	0.85513	0.85513	0.85513	0.85513	0.85513	0.85513	0.85513	0.85513	0.85513	0.85513	0.85513	0.85513	0.85513	0.85513	0.85513	0.85513	0.85513	0.85513	0.85513	0.85513	0.85513	0.85513	0.85513	0.85513	0.85513	0.85513	0.85513	0.85513	0.85513	0.85513	0.85513	0.85513	0.85513	0.85513	0.85513	0.85513	0.85513	0.85513	0.85513	0.85513	0.85513	0.85513	0.85513	0.85513	0.85513	0.85513	0.85513	0.85513	0.85513	0.85513	0.85513	0.85513	0.85513	0.85513	0.85513	0.85513	0.85513	0.85513	0.85513	0.85513	0.85513	0.85513	0.85513	0.85513	0.85513	0.85513	0.85513	0.85513	0.85513	0.85513	0.85513	0.85513	0.85513	0.85513	0.85513	
	15. Random Excursions Variant Test (p03)    PASS!	p=0.00000	0.84452	0.84452	0.84452	0.84452	0.84452	0.84452	0.84452	0.84452	0.84452	0.84452	0.84452	0.84452	0.84452	0.84452	0.84452	0.84452	0.84452	0.84452	0.84452	0.84452	0.84452	0.84452	0.84452	0.84452	0.84452	0.84452	0.84452	0.84452	0.84452	0.84452	0.84452	0.84452	0.84452	0.84452	0.84452	0.84452	0.84452	0.84452	0.84452	0.84452	0.84452	0.84452	0.84452	0.84452	0.84452	0.84452	0.84452	0.84452	0.84452	0.84452	0.84452	0.84452	0.84452	0.84452	0.84452	0.84452	0.84452	0.84452	0.84452	0.84452	0.84452	0.84452	0.84452	0.84452	0.84452	0.84452	0.84452	0.84452	0.84452	0.84452	0.84452	0.84452	0.84452	0.84452	0.84452	0.84452	0.84452	0.84452	0.84452	0.84452	0.84452	0.84452	0.84452	0.84452	0.84452	0.84452	
	15. Random Excursions Variant Test (p04)    PASS!	p=0.00000	0.83117	0.83117	0.83117	0.83117	0.83117	0.83117	0.83117	0.83117	0.83117	0.83117	0.83117	0.83117	0.83117	0.83117	0.83117	0.83117	0.83117	0.83117	0.83117	0.83117	0.83117	0.83117	0.83117	0.83117	0.83117	0.83117	0.83117	0.83117	0.83117	0.83117	0.83117	0.83117	0.83117	0.83117	0.83117	0.83117	0.83117	0.83117	0.83117	0.83117	0.83117	0.83117	0.83117	0.83117	0.83117	0.83117	0.83117	0.83117	0.83117	0.83117	0.83117	0.83117	0.83117	0.83117	0.83117	0.83117	0.83117	0.83117	0.83117	0.83117	0.83117	0.83117	0.83117	0.83117	0.83117	0.83117	0.83117	0.83117	0.83117	0.83117	0.83117	0.83117	0.83117	0.83117	0.83117	0.83117	0.83117	0.83117	0.83117	0.83117	0.83117	0.83117	0.83117	0.83117	0.83117	0.83117	
	15. Random Excursions Variant Test (p05)    PASS!	p=0.00000	0.81366	0.81366	0.81366	0.81366	0.81366	0.81366	0.81366	0.81366	0.81366	0.81366	0.81366	0.81366	0.81366	0.81366	0.81366	0.81366	0.81366	0.81366	0.81366	0.81366	0.81366	0.81366	0.81366	0.81366	0.81366	0.81366	0.81366	0.81366	0.81366	0.81366	0.81366	0.81366	0.81366	0.81366	0.81366	0.81366	0.81366	0.81366	0.81366	0.81366	0.81366	0.81366	0.81366	0.81366	0.81366	0.81366	0.81366	0.81366	0.81366	0.81366	0.81366	0.81366	0.81366	0.81366	0.81366	0.81366	0.81366	0.81366	0.81366	0.81366	0.81366	0.81366	0.81366	0.81366	0.81366	0.81366	0.81366	0.81366	0.81366	0.81366	0.81366	0.81366	0.81366	0.81366	0.81366	0.81366	0.81366	0.81366	0.81366	0.81366	0.81366	0.81366	0.81366	0.81366	0.81366	0.81366	
	15. Random Excursions Variant Test (p06)    PASS!	p=0.00000	0.78927	0.78927	0.78927	0.78927	0.78927	0.78927	0.78927	0.78927	0.78927	0.78927	0.78927	0.78927	0.78927	0.78927	0.78927	0.78927	0.78927	0.78927	0.78927	0.78927	0.78927	0.78927	0.78927	0.78927	0.78927	0.78927	0.78927	0.78927	0.78927	0.78927	0.78927	0.78927	0.78927	0.78927	0.78927	0.78927	0.78927	0.78927	0.78927	0.78927	0.78927	0.78927	0.78927	0.78927	0.78927	0.78927	0.78927	0.78927	0.78927	0.78927	0.78927	0.78927	0.78927	0.78927	0.78927	0.78927	0.78927	0.78927	0.78927	0.78927	0.78927	0.78927	0.78927	0.78927	0.78927	0.78927	0.78927	0.78927	0.78927	0.78927	0.78927	0.78927	0.78927	0.78927	0.78927	0.78927	0.78927	0.78927	0.78927	0.78927	0.78927	0.78927	0.78927	0.78927	0.78927	0.78927	
	15. Random Excursions Variant Test (p07)    PASS!	p=0.00000	0.75183	0.75183	0.75183	0.75183	0.75183	0.75183	0.75183	0.75183	0.75183	0.75183	0.75183	0.75183	0.75183	0.75183	0.75183	0.75183	0.75183	0.75183	0.75183	0.75183	0.75183	0.75183	0.75183	0.75183	0.75183	0.75183	0.75183	0.75183	0.75183	0.75183	0.75183	0.75183	0.75183	0.75183	0.75183	0.75183	0.75183	0.75183	0.75183	0.75183	0.75183	0.75183	0.75183	0.75183	0.75183	0.75183	0.75183	0.75183	0.75183	0.75183	0.75183	0.75183	0.75183	0.75183	0.75183	0.75183	0.75183	0.75183	0.75183	0.75183	0.75183	0.75183	0.75183	0.75183	0.75183	0.75183	0.75183	0.75183	0.75183	0.75183	0.75183	0.75183	0.75183	0.75183	0.75183	0.75183	0.75183	0.75183	0.75183	0.75183	0.75183	0.75183	0.75183	0.75183	0.75183	0.75183	
	15. Random Excursions Variant Test (p08)    PASS!	p=0.00000	0.68309	0.68309	0.68309	0.68309	0.68309	0.68309	0.68309	0.68309	0.68309	0.68309	0.68309	0.68309	0.68309	0.68309	0.68309	0.68309	0.68309	0.68309	0.68309	0.68309	0.68309	0.68309	0.68309	0.68309	0.68309	0.68309	0.68309	0.68309	0.68309	0.68309	0.68309	0.68309	0.68309	0.68309	0.68309	0.68309	0.68309	0.68309	0.68309	0.68309	0.68309	0.68309	0.68309	0.68309	0.68309	0.68309	0.68309	0.68309	0.68309	0.68309	0.68309	0.68309	0.68309	0.68309	0.68309	0.68309	0.68309	0.68309	0.68309	0.68309	0.68309	0.68309	0.68309	0.68309	0.68309	0.68309	0.68309	0.68309	0.68309	0.68309	0.68309	0.68309	0.68309	0.68309	0.68309	0.68309	0.68309	0.68309	0.68309	0.68309	0.68309	0.68309	0.68309	0.68309	0.68309	0.68309	
	15. Random Excursions Variant Test (p09)    PASS!	p=0.00000	0.47950	0.47950	0.47950	0.47950	0.47950	0.47950	0.47950	0.47950	0.47950	0.47950	0.47950	0.47950	0.47950	0.47950	0.47950	0.47950	0.47950	0.47950	0.47950	0.47950	0.47950	0.47950	0.47950	0.47950	0.47950	0.47950	0.47950	0.47950	0.47950	0.47950	0.47950	0.47950	0.47950	0.47950	0.47950	0.47950	0.47950	0.47950	0.47950	0.47950	0.47950	0.47950	0.47950	0.47950	0.47950	0.47950	0.47950	0.47950	0.47950	0.47950	0.47950	0.47950	0.47950	0.47950	0.47950	0.47950	0.47950	0.47950	0.47950	0.47950	0.47950	0.47950	0.47950	0.47950	0.47950	0.47950	0.47950	0.47950	0.47950	0.47950	0.47950	0.47950	0.47950	0.47950	0.47950	0.47950	0.47950	0.47950	0.47950	0.47950	0.47950	0.47950	0.47950	0.47950	0.47950	0.47950	
	15. Random Excursions Variant Test (p10)    PASS!	p=0.00000	1.00000	1.00000	1.00000	1.00000	1.00000	1.00000	1.00000	1.00000	1.00000	1.00000	1.00000	1.00000	1.00000	1.00000	1.00000	1.00000	1.00000	1.00000	1.00000	1.00000	1.00000	1.00000	1.00000	1.00000	1.00000	1.00000	1.00000	1.00000	1.00000	1.00000	1.00000	1.00000	1.00000	1.00000	1.00000	1.00000	1.00000	1.00000	1.00000	1.00000	1.00000	1.00000	1.00000	1.00000	1.00000	1.00000	1.00000	1.00000	1.00000	1.00000	1.00000	1.00000	1.00000	1.00000	1.00000	1.00000	1.00000	1.00000	1.00000	1.00000	1.00000	1.00000	1.00000	1.00000	1.00000	1.00000	1.00000	1.00000	1.00000	1.00000	1.00000	1.00000	1.00000	1.00000	1.00000	1.00000	1.00000	1.00000	1.00000	1.00000	1.00000	1.00000	1.00000	1.00000	1.00000	1.00000	
	15. Random Excursions Variant Test (p11)    PASS!	p=0.00000	1.00000	1.00000	1.00000	1.00000	1.00000	1.00000	1.00000	1.00000	1.00000	1.00000	1.00000	1.00000	1.00000	1.00000	1.00000	1.00000	1.00000	1.00000	1.00000	1.00000	1.00000	1.00000	1.00000	1.00000	1.00000	1.00000	1.00000	1.00000	1.00000	1.00000	1.00000	1.00000	1.00000	1.00000	1.00000	1.00000	1.00000	1.00000	1.00000	1.00000	1.00000	1.00000	1.00000	1.00000	1.00000	1.00000	1.00000	1.00000	1.00000	1.00000	1.00000	1.00000	1.00000	1.00000	1.00000	1.00000	1.00000	1.00000	1.00000	1.00000	1.00000	1.00000	1.00000	1.00000	1.00000	1.00000	1.00000	1.00000	1.00000	1.00000	1.00000	1.00000	1.00000	1.00000	1.00000	1.00000	1.00000	1.00000	1.00000	1.00000	1.00000	1.00000	1.00000	1.00000	1.00000	1.00000	
	15. Random Excursions Variant Test (p12)    PASS!	p=0.00000	1.00000	1.00000	1.00000	1.00000	1.00000	1.00000	1.00000	1.00000	1.00000	1.00000	1.00000	1.00000	1.00000	1.00000	1.00000	1.00000	1.00000	1.00000	1.00000	1.00000	1.00000	1.00000	1.00000	1.00000	1.00000	1.00000	1.00000	1.00000	1.00000	1.00000	1.00000	1.00000	1.00000	1.00000	1.00000	1.00000	1.00000	1.00000	1.00000	1.00000	1.00000	1.00000	1.00000	1.00000	1.00000	1.00000	1.00000	1.00000	1.00000	1.00000	1.00000	1.00000	1.00000	1.00000	1.00000	1.00000	1.00000	1.00000	1.00000	1.00000	1.00000	1.00000	1.00000	1.00000	1.00000	1.00000	1.00000	1.00000	1.00000	1.00000	1.00000	1.00000	1.00000	1.00000	1.00000	1.00000	1.00000	1.00000	1.00000	1.00000	1.00000	1.00000	1.00000	1.00000	1.00000	1.00000	
	15. Random Excursions Variant Test (p13)    PASS!	p=0.00000	1.00000	1.00000	1.00000	1.00000	1.00000	1.00000	1.00000	1.00000	1.00000	1.00000	1.00000	1.00000	1.00000	1.00000	1.00000	1.00000	1.00000	1.00000	1.00000	1.00000	1.00000	1.00000	1.00000	1.00000	1.00000	1.00000	1.00000	1.00000	1.00000	1.00000	1.00000	1.00000	1.00000	1.00000	1.00000	1.00000	1.00000	1.00000	1.00000	1.00000	1.00000	1.00000	1.00000	1.00000	1.00000	1.00000	1.00000	1.00000	1.00000	1.00000	1.00000	1.00000	1.00000	1.00000	1.00000	1.00000	1.00000	1.00000	1.00000	1.00000	1.00000	1.00000	1.00000	1.00000	1.00000	1.00000	1.00000	1.00000	1.00000	1.00000	1.00000	1.00000	1.00000	1.00000	1.00000	1.00000	1.00000	1.00000	1.00000	1.00000	1.00000	1.00000	1.00000	1.00000	1.00000	1.00000	
	15. Random Excursions Variant Test (p14)    PASS!	p=0.00000	1.00000	1.00000	1.00000	1.00000	1.00000	1.00000	1.00000	1.00000	1.00000	1.00000	1.00000	1.00000	1.00000	1.00000	1.00000	1.00000	1.00000	1.00000	1.00000	1.00000	1.00000	1.00000	1.00000	1.00000	1.00000	1.00000	1.00000	1.00000	1.00000	1.00000	1.00000	1.00000	1.00000	1.00000	1.00000	1.00000	1.00000	1.00000	1.00000	1.00000	1.00000	1.00000	1.00000	1.00000	1.00000	1.00000	1.00000	1.00000	1.00000	1.00000	1.00000	1.00000	1.00000	1.00000	1.00000	1.00000	1.00000	1.00000	1.00000	1.00000	1.00000	1.00000	1.00000	1.00000	1.00000	1.00000	1.00000	1.00000	1.00000	1.00000	1.00000	1.00000	1.00000	1.00000	1.00000	1.00000	1.00000	1.00000	1.00000	1.00000	1.00000	1.00000	1.00000	1.00000	1.00000	1.00000	
	15. Random Excursions Variant Test (p15)    PASS!	p=0.00000	1.00000	1.00000	1.00000	1.00000	1.00000	1.00000	1.00000	1.00000	1.00000	1.00000	1.00000	1.00000	1.00000	1.00000	1.00000	1.00000	1.00000	1.00000	1.00000	1.00000	1.00000	1.00000	1.00000	1.00000	1.00000	1.00000	1.00000	1.00000	1.00000	1.00000	1.00000	1.00000	1.00000	1.00000	1.00000	1.00000	1.00000	1.00000	1.00000	1.00000	1.00000	1.00000	1.00000	1.00000	1.00000	1.00000	1.00000	1.00000	1.00000	1.00000	1.00000	1.00000	1.00000	1.00000	1.00000	1.00000	1.00000	1.00000	1.00000	1.00000	1.00000	1.00000	1.00000	1.00000	1.00000	1.00000	1.00000	1.00000	1.00000	1.00000	1.00000	1.00000	1.00000	1.00000	1.00000	1.00000	1.00000	1.00000	1.00000	1.00000	1.00000	1.00000	1.00000	1.00000	1.00000	1.00000	
	15. Random Excursions Variant Test (p16)    PASS!	p=0.00000	1.00000	1.00000	1.00000	1.00000	1.00000	1.00000	1.00000	1.00000	1.00000	1.00000	1.00000	1.00000	1.00000	1.00000	1.00000	1.00000	1.00000	1.00000	1.00000	1.00000	1.00000	1.00000	1.00000	1.00000	1.00000	1.00000	1.00000	1.00000	1.00000	1.00000	1.00000	1.00000	1.00000	1.00000	1.00000	1.00000	1.00000	1.00000	1.00000	1.00000	1.00000	1.00000	1.00000	1.00000	1.00000	1.00000	1.00000	1.00000	1.00000	1.00000	1.00000	1.00000	1.00000	1.00000	1.00000	1.00000	1.00000	1.00000	1.00000	1.00000	1.00000	1.00000	1.00000	1.00000	1.00000	1.00000	1.00000	1.00000	1.00000	1.00000	1.00000	1.00000	1.00000	1.00000	1.00000	1.00000	1.00000	1.00000	1.00000	1.00000	1.00000	1.00000	1.00000	1.00000	1.00000	1.00000	
	15. Random Excursions Variant Test (p17)    PASS!	p=0.00000	1.00000	1.00000	1.00000	1.00000	1.00000	1.00000	1.00000	1.00000	1.00000	1.00000	1.00000	1.00000	1.00000	1.00000	1.00000	1.00000	1.00000	1.00000	1.00000	1.00000	1.00000	1.00000	1.00000	1.00000	1.00000	1.00000	1.00000	1.00000	1.00000	1.00000	1.00000	1.00000	1.00000	1.00000	1.00000	1.00000	1.00000	1.00000	1.00000	1.00000	1.00000	1.00000	1.00000	1.00000	1.00000	1.00000	1.00000	1.00000	1.00000	1.00000	1.00000	1.00000	1.00000	1.00000	1.00000	1.00000	1.00000	1.00000	1.00000	1.00000	1.00000	1.00000	1.00000	1.00000	1.00000	1.00000	1.00000	1.00000	1.00000	1.00000	1.00000	1.00000	1.00000	1.00000	1.00000	1.00000	1.00000	1.00000	1.00000	1.00000	1.00000	1.00000	1.00000	1.00000	1.00000	1.00000	
	15. Random Excursions Variant Test (p18)    PASS!	p=0.00000	1.00000	1.00000	1.00000	1.00000	1.00000	1.00000	1.00000	1.00000	1.00000	1.00000	1.00000	1.00000	1.00000	1.00000	1.00000	1.00000	1.00000	1.00000	1.00000	1.00000	1.00000	1.00000	1.00000	1.00000	1.00000	1.00000	1.00000	1.00000	1.00000	1.00000	1.00000	1.00000	1.00000	1.00000	1.00000	1.00000	1.00000	1.00000	1.00000	1.00000	1.00000	1.00000	1.00000	1.00000	1.00000	1.00000	1.00000	1.00000	1.00000	1.00000	1.00000	1.00000	1.00000	1.00000	1.00000	1.00000	1.00000	1.00000	1.00000	1.00000	1.00000	1.00000	1.00000	1.00000	1.00000	1.00000	1.00000	1.00000	1.00000	1.00000	1.00000	1.00000	1.00000	1.00000	1.00000	1.00000	1.00000	1.00000	1.00000	1.00000	1.00000	1.00000	1.00000	1.00000	1.00000	1.00000	
